 5.4400000000000006e+01 5.4400000000000006e+01 1.7809999999999999e+02
 5.8400000000000006e+01 5.4400000000000006e+01 1.7809999999999999e+02
 6.2400000000000006e+01 5.4400000000000006e+01 1.7809999999999999e+02
 6.6400000000000006e+01 5.4400000000000006e+01 1.7809999999999999e+02
 7.0400000000000006e+01 5.4400000000000006e+01 1.7809999999999999e+02
 7.4400000000000006e+01 5.4400000000000006e+01 1.7809999999999999e+02
 7.8400000000000006e+01 5.4400000000000006e+01 1.7809999999999999e+02
 5.4400000000000006e+01 5.8400000000000006e+01 1.7809999999999999e+02
 5.8400000000000006e+01 5.8400000000000006e+01 1.7809999999999999e+02
 6.2400000000000006e+01 5.8400000000000006e+01 1.7809999999999999e+02
 6.6400000000000006e+01 5.8400000000000006e+01 1.7809999999999999e+02
 7.0400000000000006e+01 5.8400000000000006e+01 1.7809999999999999e+02
 7.4400000000000006e+01 5.8400000000000006e+01 1.7809999999999999e+02
 7.8400000000000006e+01 5.8400000000000006e+01 1.7809999999999999e+02
 5.4400000000000006e+01 6.2400000000000006e+01 1.7809999999999999e+02
 5.8400000000000006e+01 6.2400000000000006e+01 1.7809999999999999e+02
 6.2400000000000006e+01 6.2400000000000006e+01 1.7809999999999999e+02
 6.6400000000000006e+01 6.2400000000000006e+01 1.7809999999999999e+02
 7.0400000000000006e+01 6.2400000000000006e+01 1.7809999999999999e+02
 7.4400000000000006e+01 6.2400000000000006e+01 1.7809999999999999e+02
 7.8400000000000006e+01 6.2400000000000006e+01 1.7809999999999999e+02
 5.4400000000000006e+01 6.6400000000000006e+01 1.7809999999999999e+02
 5.8400000000000006e+01 6.6400000000000006e+01 1.7809999999999999e+02
 6.2400000000000006e+01 6.6400000000000006e+01 1.7809999999999999e+02
 6.6400000000000006e+01 6.6400000000000006e+01 1.7809999999999999e+02
 7.0400000000000006e+01 6.6400000000000006e+01 1.7809999999999999e+02
 7.4400000000000006e+01 6.6400000000000006e+01 1.7809999999999999e+02
 7.8400000000000006e+01 6.6400000000000006e+01 1.7809999999999999e+02
 5.4400000000000006e+01 7.0400000000000006e+01 1.7809999999999999e+02
 5.8400000000000006e+01 7.0400000000000006e+01 1.7809999999999999e+02
 6.2400000000000006e+01 7.0400000000000006e+01 1.7809999999999999e+02
 6.6400000000000006e+01 7.0400000000000006e+01 1.7809999999999999e+02
 7.0400000000000006e+01 7.0400000000000006e+01 1.7809999999999999e+02
 7.4400000000000006e+01 7.0400000000000006e+01 1.7809999999999999e+02
 7.8400000000000006e+01 7.0400000000000006e+01 1.7809999999999999e+02
 5.4400000000000006e+01 7.4400000000000006e+01 1.7809999999999999e+02
 5.8400000000000006e+01 7.4400000000000006e+01 1.7809999999999999e+02
 6.2400000000000006e+01 7.4400000000000006e+01 1.7809999999999999e+02
 6.6400000000000006e+01 7.4400000000000006e+01 1.7809999999999999e+02
 7.0400000000000006e+01 7.4400000000000006e+01 1.7809999999999999e+02
 7.4400000000000006e+01 7.4400000000000006e+01 1.7809999999999999e+02
 7.8400000000000006e+01 7.4400000000000006e+01 1.7809999999999999e+02
 5.4400000000000006e+01 7.8400000000000006e+01 1.7809999999999999e+02
 5.8400000000000006e+01 7.8400000000000006e+01 1.7809999999999999e+02
 6.2400000000000006e+01 7.8400000000000006e+01 1.7809999999999999e+02
 6.6400000000000006e+01 7.8400000000000006e+01 1.7809999999999999e+02
 7.0400000000000006e+01 7.8400000000000006e+01 1.7809999999999999e+02
 7.4400000000000006e+01 7.8400000000000006e+01 1.7809999999999999e+02
 7.8400000000000006e+01 7.8400000000000006e+01 1.7809999999999999e+02
 5.4400000000000006e+01 5.4400000000000006e+01 1.8209999999999999e+02
 5.8400000000000006e+01 5.4400000000000006e+01 1.8209999999999999e+02
 6.2400000000000006e+01 5.4400000000000006e+01 1.8209999999999999e+02
 6.6400000000000006e+01 5.4400000000000006e+01 1.8209999999999999e+02
 7.0400000000000006e+01 5.4400000000000006e+01 1.8209999999999999e+02
 7.4400000000000006e+01 5.4400000000000006e+01 1.8209999999999999e+02
 7.8400000000000006e+01 5.4400000000000006e+01 1.8209999999999999e+02
 5.4400000000000006e+01 5.8400000000000006e+01 1.8209999999999999e+02
 5.8400000000000006e+01 5.8400000000000006e+01 1.8209999999999999e+02
 6.2400000000000006e+01 5.8400000000000006e+01 1.8209999999999999e+02
 6.6400000000000006e+01 5.8400000000000006e+01 1.8209999999999999e+02
 7.0400000000000006e+01 5.8400000000000006e+01 1.8209999999999999e+02
 7.4400000000000006e+01 5.8400000000000006e+01 1.8209999999999999e+02
 7.8400000000000006e+01 5.8400000000000006e+01 1.8209999999999999e+02
 5.4400000000000006e+01 6.2400000000000006e+01 1.8209999999999999e+02
 5.8400000000000006e+01 6.2400000000000006e+01 1.8209999999999999e+02
 6.2400000000000006e+01 6.2400000000000006e+01 1.8209999999999999e+02
 6.6400000000000006e+01 6.2400000000000006e+01 1.8209999999999999e+02
 7.0400000000000006e+01 6.2400000000000006e+01 1.8209999999999999e+02
 7.4400000000000006e+01 6.2400000000000006e+01 1.8209999999999999e+02
 7.8400000000000006e+01 6.2400000000000006e+01 1.8209999999999999e+02
 5.4400000000000006e+01 6.6400000000000006e+01 1.8209999999999999e+02
 5.8400000000000006e+01 6.6400000000000006e+01 1.8209999999999999e+02
 6.2400000000000006e+01 6.6400000000000006e+01 1.8209999999999999e+02
 6.6400000000000006e+01 6.6400000000000006e+01 1.8209999999999999e+02
 7.0400000000000006e+01 6.6400000000000006e+01 1.8209999999999999e+02
 7.4400000000000006e+01 6.6400000000000006e+01 1.8209999999999999e+02
 7.8400000000000006e+01 6.6400000000000006e+01 1.8209999999999999e+02
 5.4400000000000006e+01 7.0400000000000006e+01 1.8209999999999999e+02
 5.8400000000000006e+01 7.0400000000000006e+01 1.8209999999999999e+02
 6.2400000000000006e+01 7.0400000000000006e+01 1.8209999999999999e+02
 6.6400000000000006e+01 7.0400000000000006e+01 1.8209999999999999e+02
 7.0400000000000006e+01 7.0400000000000006e+01 1.8209999999999999e+02
 7.4400000000000006e+01 7.0400000000000006e+01 1.8209999999999999e+02
 7.8400000000000006e+01 7.0400000000000006e+01 1.8209999999999999e+02
 5.4400000000000006e+01 7.4400000000000006e+01 1.8209999999999999e+02
 5.8400000000000006e+01 7.4400000000000006e+01 1.8209999999999999e+02
 6.2400000000000006e+01 7.4400000000000006e+01 1.8209999999999999e+02
 6.6400000000000006e+01 7.4400000000000006e+01 1.8209999999999999e+02
 7.0400000000000006e+01 7.4400000000000006e+01 1.8209999999999999e+02
 7.4400000000000006e+01 7.4400000000000006e+01 1.8209999999999999e+02
 7.8400000000000006e+01 7.4400000000000006e+01 1.8209999999999999e+02
 5.4400000000000006e+01 7.8400000000000006e+01 1.8209999999999999e+02
 5.8400000000000006e+01 7.8400000000000006e+01 1.8209999999999999e+02
 6.2400000000000006e+01 7.8400000000000006e+01 1.8209999999999999e+02
 6.6400000000000006e+01 7.8400000000000006e+01 1.8209999999999999e+02
 7.0400000000000006e+01 7.8400000000000006e+01 1.8209999999999999e+02
 7.4400000000000006e+01 7.8400000000000006e+01 1.8209999999999999e+02
 7.8400000000000006e+01 7.8400000000000006e+01 1.8209999999999999e+02
 5.4400000000000006e+01 5.4400000000000006e+01 1.8609999999999999e+02
 5.8400000000000006e+01 5.4400000000000006e+01 1.8609999999999999e+02
 6.2400000000000006e+01 5.4400000000000006e+01 1.8609999999999999e+02
 6.6400000000000006e+01 5.4400000000000006e+01 1.8609999999999999e+02
 7.0400000000000006e+01 5.4400000000000006e+01 1.8609999999999999e+02
 7.4400000000000006e+01 5.4400000000000006e+01 1.8609999999999999e+02
 7.8400000000000006e+01 5.4400000000000006e+01 1.8609999999999999e+02
 5.4400000000000006e+01 5.8400000000000006e+01 1.8609999999999999e+02
 5.8400000000000006e+01 5.8400000000000006e+01 1.8609999999999999e+02
 6.2400000000000006e+01 5.8400000000000006e+01 1.8609999999999999e+02
 6.6400000000000006e+01 5.8400000000000006e+01 1.8609999999999999e+02
 7.0400000000000006e+01 5.8400000000000006e+01 1.8609999999999999e+02
 7.4400000000000006e+01 5.8400000000000006e+01 1.8609999999999999e+02
 7.8400000000000006e+01 5.8400000000000006e+01 1.8609999999999999e+02
 5.4400000000000006e+01 6.2400000000000006e+01 1.8609999999999999e+02
 5.8400000000000006e+01 6.2400000000000006e+01 1.8609999999999999e+02
 6.2400000000000006e+01 6.2400000000000006e+01 1.8609999999999999e+02
 6.6400000000000006e+01 6.2400000000000006e+01 1.8609999999999999e+02
 7.0400000000000006e+01 6.2400000000000006e+01 1.8609999999999999e+02
 7.4400000000000006e+01 6.2400000000000006e+01 1.8609999999999999e+02
 7.8400000000000006e+01 6.2400000000000006e+01 1.8609999999999999e+02
 5.4400000000000006e+01 6.6400000000000006e+01 1.8609999999999999e+02
 5.8400000000000006e+01 6.6400000000000006e+01 1.8609999999999999e+02
 6.2400000000000006e+01 6.6400000000000006e+01 1.8609999999999999e+02
 6.6400000000000006e+01 6.6400000000000006e+01 1.8609999999999999e+02
 7.0400000000000006e+01 6.6400000000000006e+01 1.8609999999999999e+02
 7.4400000000000006e+01 6.6400000000000006e+01 1.8609999999999999e+02
 7.8400000000000006e+01 6.6400000000000006e+01 1.8609999999999999e+02
 5.4400000000000006e+01 7.0400000000000006e+01 1.8609999999999999e+02
 5.8400000000000006e+01 7.0400000000000006e+01 1.8609999999999999e+02
 6.2400000000000006e+01 7.0400000000000006e+01 1.8609999999999999e+02
 6.6400000000000006e+01 7.0400000000000006e+01 1.8609999999999999e+02
 7.0400000000000006e+01 7.0400000000000006e+01 1.8609999999999999e+02
 7.4400000000000006e+01 7.0400000000000006e+01 1.8609999999999999e+02
 7.8400000000000006e+01 7.0400000000000006e+01 1.8609999999999999e+02
 5.4400000000000006e+01 7.4400000000000006e+01 1.8609999999999999e+02
 5.8400000000000006e+01 7.4400000000000006e+01 1.8609999999999999e+02
 6.2400000000000006e+01 7.4400000000000006e+01 1.8609999999999999e+02
 6.6400000000000006e+01 7.4400000000000006e+01 1.8609999999999999e+02
 7.0400000000000006e+01 7.4400000000000006e+01 1.8609999999999999e+02
 7.4400000000000006e+01 7.4400000000000006e+01 1.8609999999999999e+02
 7.8400000000000006e+01 7.4400000000000006e+01 1.8609999999999999e+02
 5.4400000000000006e+01 7.8400000000000006e+01 1.8609999999999999e+02
 5.8400000000000006e+01 7.8400000000000006e+01 1.8609999999999999e+02
 6.2400000000000006e+01 7.8400000000000006e+01 1.8609999999999999e+02
 6.6400000000000006e+01 7.8400000000000006e+01 1.8609999999999999e+02
 7.0400000000000006e+01 7.8400000000000006e+01 1.8609999999999999e+02
 7.4400000000000006e+01 7.8400000000000006e+01 1.8609999999999999e+02
 7.8400000000000006e+01 7.8400000000000006e+01 1.8609999999999999e+02
 5.4400000000000006e+01 5.4400000000000006e+01 1.9009999999999999e+02
 5.8400000000000006e+01 5.4400000000000006e+01 1.9009999999999999e+02
 6.2400000000000006e+01 5.4400000000000006e+01 1.9009999999999999e+02
 6.6400000000000006e+01 5.4400000000000006e+01 1.9009999999999999e+02
 7.0400000000000006e+01 5.4400000000000006e+01 1.9009999999999999e+02
 7.4400000000000006e+01 5.4400000000000006e+01 1.9009999999999999e+02
 7.8400000000000006e+01 5.4400000000000006e+01 1.9009999999999999e+02
 5.4400000000000006e+01 5.8400000000000006e+01 1.9009999999999999e+02
 5.8400000000000006e+01 5.8400000000000006e+01 1.9009999999999999e+02
 6.2400000000000006e+01 5.8400000000000006e+01 1.9009999999999999e+02
 6.6400000000000006e+01 5.8400000000000006e+01 1.9009999999999999e+02
 7.0400000000000006e+01 5.8400000000000006e+01 1.9009999999999999e+02
 7.4400000000000006e+01 5.8400000000000006e+01 1.9009999999999999e+02
 7.8400000000000006e+01 5.8400000000000006e+01 1.9009999999999999e+02
 5.4400000000000006e+01 6.2400000000000006e+01 1.9009999999999999e+02
 5.8400000000000006e+01 6.2400000000000006e+01 1.9009999999999999e+02
 6.2400000000000006e+01 6.2400000000000006e+01 1.9009999999999999e+02
 6.6400000000000006e+01 6.2400000000000006e+01 1.9009999999999999e+02
 7.0400000000000006e+01 6.2400000000000006e+01 1.9009999999999999e+02
 7.4400000000000006e+01 6.2400000000000006e+01 1.9009999999999999e+02
 7.8400000000000006e+01 6.2400000000000006e+01 1.9009999999999999e+02
 5.4400000000000006e+01 6.6400000000000006e+01 1.9009999999999999e+02
 5.8400000000000006e+01 6.6400000000000006e+01 1.9009999999999999e+02
 6.2400000000000006e+01 6.6400000000000006e+01 1.9009999999999999e+02
 6.6400000000000006e+01 6.6400000000000006e+01 1.9009999999999999e+02
 7.0400000000000006e+01 6.6400000000000006e+01 1.9009999999999999e+02
 7.4400000000000006e+01 6.6400000000000006e+01 1.9009999999999999e+02
 7.8400000000000006e+01 6.6400000000000006e+01 1.9009999999999999e+02
 5.4400000000000006e+01 7.0400000000000006e+01 1.9009999999999999e+02
 5.8400000000000006e+01 7.0400000000000006e+01 1.9009999999999999e+02
 6.2400000000000006e+01 7.0400000000000006e+01 1.9009999999999999e+02
 6.6400000000000006e+01 7.0400000000000006e+01 1.9009999999999999e+02
 7.0400000000000006e+01 7.0400000000000006e+01 1.9009999999999999e+02
 7.4400000000000006e+01 7.0400000000000006e+01 1.9009999999999999e+02
 7.8400000000000006e+01 7.0400000000000006e+01 1.9009999999999999e+02
 5.4400000000000006e+01 7.4400000000000006e+01 1.9009999999999999e+02
 5.8400000000000006e+01 7.4400000000000006e+01 1.9009999999999999e+02
 6.2400000000000006e+01 7.4400000000000006e+01 1.9009999999999999e+02
 6.6400000000000006e+01 7.4400000000000006e+01 1.9009999999999999e+02
 7.0400000000000006e+01 7.4400000000000006e+01 1.9009999999999999e+02
 7.4400000000000006e+01 7.4400000000000006e+01 1.9009999999999999e+02
 7.8400000000000006e+01 7.4400000000000006e+01 1.9009999999999999e+02
 5.4400000000000006e+01 7.8400000000000006e+01 1.9009999999999999e+02
 5.8400000000000006e+01 7.8400000000000006e+01 1.9009999999999999e+02
 6.2400000000000006e+01 7.8400000000000006e+01 1.9009999999999999e+02
 6.6400000000000006e+01 7.8400000000000006e+01 1.9009999999999999e+02
 7.0400000000000006e+01 7.8400000000000006e+01 1.9009999999999999e+02
 7.4400000000000006e+01 7.8400000000000006e+01 1.9009999999999999e+02
 7.8400000000000006e+01 7.8400000000000006e+01 1.9009999999999999e+02
 5.4400000000000006e+01 5.4400000000000006e+01 1.9409999999999999e+02
 5.8400000000000006e+01 5.4400000000000006e+01 1.9409999999999999e+02
 6.2400000000000006e+01 5.4400000000000006e+01 1.9409999999999999e+02
 6.6400000000000006e+01 5.4400000000000006e+01 1.9409999999999999e+02
 7.0400000000000006e+01 5.4400000000000006e+01 1.9409999999999999e+02
 7.4400000000000006e+01 5.4400000000000006e+01 1.9409999999999999e+02
 7.8400000000000006e+01 5.4400000000000006e+01 1.9409999999999999e+02
 5.4400000000000006e+01 5.8400000000000006e+01 1.9409999999999999e+02
 5.8400000000000006e+01 5.8400000000000006e+01 1.9409999999999999e+02
 6.2400000000000006e+01 5.8400000000000006e+01 1.9409999999999999e+02
 6.6400000000000006e+01 5.8400000000000006e+01 1.9409999999999999e+02
 7.0400000000000006e+01 5.8400000000000006e+01 1.9409999999999999e+02
 7.4400000000000006e+01 5.8400000000000006e+01 1.9409999999999999e+02
 7.8400000000000006e+01 5.8400000000000006e+01 1.9409999999999999e+02
 5.4400000000000006e+01 6.2400000000000006e+01 1.9409999999999999e+02
 5.8400000000000006e+01 6.2400000000000006e+01 1.9409999999999999e+02
 6.2400000000000006e+01 6.2400000000000006e+01 1.9409999999999999e+02
 6.6400000000000006e+01 6.2400000000000006e+01 1.9409999999999999e+02
 7.0400000000000006e+01 6.2400000000000006e+01 1.9409999999999999e+02
 7.4400000000000006e+01 6.2400000000000006e+01 1.9409999999999999e+02
 7.8400000000000006e+01 6.2400000000000006e+01 1.9409999999999999e+02
 5.4400000000000006e+01 6.6400000000000006e+01 1.9409999999999999e+02
 5.8400000000000006e+01 6.6400000000000006e+01 1.9409999999999999e+02
 6.2400000000000006e+01 6.6400000000000006e+01 1.9409999999999999e+02
 6.6400000000000006e+01 6.6400000000000006e+01 1.9409999999999999e+02
 7.0400000000000006e+01 6.6400000000000006e+01 1.9409999999999999e+02
 7.4400000000000006e+01 6.6400000000000006e+01 1.9409999999999999e+02
 7.8400000000000006e+01 6.6400000000000006e+01 1.9409999999999999e+02
 5.4400000000000006e+01 7.0400000000000006e+01 1.9409999999999999e+02
 5.8400000000000006e+01 7.0400000000000006e+01 1.9409999999999999e+02
 6.2400000000000006e+01 7.0400000000000006e+01 1.9409999999999999e+02
 6.6400000000000006e+01 7.0400000000000006e+01 1.9409999999999999e+02
 7.0400000000000006e+01 7.0400000000000006e+01 1.9409999999999999e+02
 7.4400000000000006e+01 7.0400000000000006e+01 1.9409999999999999e+02
 7.8400000000000006e+01 7.0400000000000006e+01 1.9409999999999999e+02
 5.4400000000000006e+01 7.4400000000000006e+01 1.9409999999999999e+02
 5.8400000000000006e+01 7.4400000000000006e+01 1.9409999999999999e+02
 6.2400000000000006e+01 7.4400000000000006e+01 1.9409999999999999e+02
 6.6400000000000006e+01 7.4400000000000006e+01 1.9409999999999999e+02
 7.0400000000000006e+01 7.4400000000000006e+01 1.9409999999999999e+02
 7.4400000000000006e+01 7.4400000000000006e+01 1.9409999999999999e+02
 7.8400000000000006e+01 7.4400000000000006e+01 1.9409999999999999e+02
 5.4400000000000006e+01 7.8400000000000006e+01 1.9409999999999999e+02
 5.8400000000000006e+01 7.8400000000000006e+01 1.9409999999999999e+02
 6.2400000000000006e+01 7.8400000000000006e+01 1.9409999999999999e+02
 6.6400000000000006e+01 7.8400000000000006e+01 1.9409999999999999e+02
 7.0400000000000006e+01 7.8400000000000006e+01 1.9409999999999999e+02
 7.4400000000000006e+01 7.8400000000000006e+01 1.9409999999999999e+02
 7.8400000000000006e+01 7.8400000000000006e+01 1.9409999999999999e+02
 5.4400000000000006e+01 5.4400000000000006e+01 1.9809999999999999e+02
 5.8400000000000006e+01 5.4400000000000006e+01 1.9809999999999999e+02
 6.2400000000000006e+01 5.4400000000000006e+01 1.9809999999999999e+02
 6.6400000000000006e+01 5.4400000000000006e+01 1.9809999999999999e+02
 7.0400000000000006e+01 5.4400000000000006e+01 1.9809999999999999e+02
 7.4400000000000006e+01 5.4400000000000006e+01 1.9809999999999999e+02
 7.8400000000000006e+01 5.4400000000000006e+01 1.9809999999999999e+02
 5.4400000000000006e+01 5.8400000000000006e+01 1.9809999999999999e+02
 5.8400000000000006e+01 5.8400000000000006e+01 1.9809999999999999e+02
 6.2400000000000006e+01 5.8400000000000006e+01 1.9809999999999999e+02
 6.6400000000000006e+01 5.8400000000000006e+01 1.9809999999999999e+02
 7.0400000000000006e+01 5.8400000000000006e+01 1.9809999999999999e+02
 7.4400000000000006e+01 5.8400000000000006e+01 1.9809999999999999e+02
 7.8400000000000006e+01 5.8400000000000006e+01 1.9809999999999999e+02
 5.4400000000000006e+01 6.2400000000000006e+01 1.9809999999999999e+02
 5.8400000000000006e+01 6.2400000000000006e+01 1.9809999999999999e+02
 6.2400000000000006e+01 6.2400000000000006e+01 1.9809999999999999e+02
 6.6400000000000006e+01 6.2400000000000006e+01 1.9809999999999999e+02
 7.0400000000000006e+01 6.2400000000000006e+01 1.9809999999999999e+02
 7.4400000000000006e+01 6.2400000000000006e+01 1.9809999999999999e+02
 7.8400000000000006e+01 6.2400000000000006e+01 1.9809999999999999e+02
 5.4400000000000006e+01 6.6400000000000006e+01 1.9809999999999999e+02
 5.8400000000000006e+01 6.6400000000000006e+01 1.9809999999999999e+02
 6.2400000000000006e+01 6.6400000000000006e+01 1.9809999999999999e+02
 6.6400000000000006e+01 6.6400000000000006e+01 1.9809999999999999e+02
 7.0400000000000006e+01 6.6400000000000006e+01 1.9809999999999999e+02
 7.4400000000000006e+01 6.6400000000000006e+01 1.9809999999999999e+02
 7.8400000000000006e+01 6.6400000000000006e+01 1.9809999999999999e+02
 5.4400000000000006e+01 7.0400000000000006e+01 1.9809999999999999e+02
 5.8400000000000006e+01 7.0400000000000006e+01 1.9809999999999999e+02
 6.2400000000000006e+01 7.0400000000000006e+01 1.9809999999999999e+02
 6.6400000000000006e+01 7.0400000000000006e+01 1.9809999999999999e+02
 7.0400000000000006e+01 7.0400000000000006e+01 1.9809999999999999e+02
 7.4400000000000006e+01 7.0400000000000006e+01 1.9809999999999999e+02
 7.8400000000000006e+01 7.0400000000000006e+01 1.9809999999999999e+02
 5.4400000000000006e+01 7.4400000000000006e+01 1.9809999999999999e+02
 5.8400000000000006e+01 7.4400000000000006e+01 1.9809999999999999e+02
 6.2400000000000006e+01 7.4400000000000006e+01 1.9809999999999999e+02
 6.6400000000000006e+01 7.4400000000000006e+01 1.9809999999999999e+02
 7.0400000000000006e+01 7.4400000000000006e+01 1.9809999999999999e+02
 7.4400000000000006e+01 7.4400000000000006e+01 1.9809999999999999e+02
 7.8400000000000006e+01 7.4400000000000006e+01 1.9809999999999999e+02
 5.4400000000000006e+01 7.8400000000000006e+01 1.9809999999999999e+02
 5.8400000000000006e+01 7.8400000000000006e+01 1.9809999999999999e+02
 6.2400000000000006e+01 7.8400000000000006e+01 1.9809999999999999e+02
 6.6400000000000006e+01 7.8400000000000006e+01 1.9809999999999999e+02
 7.0400000000000006e+01 7.8400000000000006e+01 1.9809999999999999e+02
 7.4400000000000006e+01 7.8400000000000006e+01 1.9809999999999999e+02
 7.8400000000000006e+01 7.8400000000000006e+01 1.9809999999999999e+02
 5.4400000000000006e+01 5.4400000000000006e+01 2.0209999999999999e+02
 5.8400000000000006e+01 5.4400000000000006e+01 2.0209999999999999e+02
 6.2400000000000006e+01 5.4400000000000006e+01 2.0209999999999999e+02
 6.6400000000000006e+01 5.4400000000000006e+01 2.0209999999999999e+02
 7.0400000000000006e+01 5.4400000000000006e+01 2.0209999999999999e+02
 7.4400000000000006e+01 5.4400000000000006e+01 2.0209999999999999e+02
 7.8400000000000006e+01 5.4400000000000006e+01 2.0209999999999999e+02
 5.4400000000000006e+01 5.8400000000000006e+01 2.0209999999999999e+02
 5.8400000000000006e+01 5.8400000000000006e+01 2.0209999999999999e+02
 6.2400000000000006e+01 5.8400000000000006e+01 2.0209999999999999e+02
 6.6400000000000006e+01 5.8400000000000006e+01 2.0209999999999999e+02
 7.0400000000000006e+01 5.8400000000000006e+01 2.0209999999999999e+02
 7.4400000000000006e+01 5.8400000000000006e+01 2.0209999999999999e+02
 7.8400000000000006e+01 5.8400000000000006e+01 2.0209999999999999e+02
 5.4400000000000006e+01 6.2400000000000006e+01 2.0209999999999999e+02
 5.8400000000000006e+01 6.2400000000000006e+01 2.0209999999999999e+02
 6.2400000000000006e+01 6.2400000000000006e+01 2.0209999999999999e+02
 6.6400000000000006e+01 6.2400000000000006e+01 2.0209999999999999e+02
 7.0400000000000006e+01 6.2400000000000006e+01 2.0209999999999999e+02
 7.4400000000000006e+01 6.2400000000000006e+01 2.0209999999999999e+02
 7.8400000000000006e+01 6.2400000000000006e+01 2.0209999999999999e+02
 5.4400000000000006e+01 6.6400000000000006e+01 2.0209999999999999e+02
 5.8400000000000006e+01 6.6400000000000006e+01 2.0209999999999999e+02
 6.2400000000000006e+01 6.6400000000000006e+01 2.0209999999999999e+02
 6.6400000000000006e+01 6.6400000000000006e+01 2.0209999999999999e+02
 7.0400000000000006e+01 6.6400000000000006e+01 2.0209999999999999e+02
 7.4400000000000006e+01 6.6400000000000006e+01 2.0209999999999999e+02
 7.8400000000000006e+01 6.6400000000000006e+01 2.0209999999999999e+02
 5.4400000000000006e+01 7.0400000000000006e+01 2.0209999999999999e+02
 5.8400000000000006e+01 7.0400000000000006e+01 2.0209999999999999e+02
 6.2400000000000006e+01 7.0400000000000006e+01 2.0209999999999999e+02
 6.6400000000000006e+01 7.0400000000000006e+01 2.0209999999999999e+02
 7.0400000000000006e+01 7.0400000000000006e+01 2.0209999999999999e+02
 7.4400000000000006e+01 7.0400000000000006e+01 2.0209999999999999e+02
 7.8400000000000006e+01 7.0400000000000006e+01 2.0209999999999999e+02
 5.4400000000000006e+01 7.4400000000000006e+01 2.0209999999999999e+02
 5.8400000000000006e+01 7.4400000000000006e+01 2.0209999999999999e+02
 6.2400000000000006e+01 7.4400000000000006e+01 2.0209999999999999e+02
 6.6400000000000006e+01 7.4400000000000006e+01 2.0209999999999999e+02
 7.0400000000000006e+01 7.4400000000000006e+01 2.0209999999999999e+02
 7.4400000000000006e+01 7.4400000000000006e+01 2.0209999999999999e+02
 7.8400000000000006e+01 7.4400000000000006e+01 2.0209999999999999e+02
 5.4400000000000006e+01 7.8400000000000006e+01 2.0209999999999999e+02
 5.8400000000000006e+01 7.8400000000000006e+01 2.0209999999999999e+02
 6.2400000000000006e+01 7.8400000000000006e+01 2.0209999999999999e+02
 6.6400000000000006e+01 7.8400000000000006e+01 2.0209999999999999e+02
 7.0400000000000006e+01 7.8400000000000006e+01 2.0209999999999999e+02
 7.4400000000000006e+01 7.8400000000000006e+01 2.0209999999999999e+02
 7.8400000000000006e+01 7.8400000000000006e+01 2.0209999999999999e+02
 1.5468576374110801e+00 0.0000000000000000e+00 0.0000000000000000e+00
 1.5959290956802563e+00 0.0000000000000000e+00 0.0000000000000000e+00
 1.5200883247689483e+00 0.0000000000000000e+00 0.0000000000000000e+00
 1.4445531652706647e+00 0.0000000000000000e+00 0.0000000000000000e+00
 1.4105720127918830e+00 0.0000000000000000e+00 0.0000000000000000e+00
 1.5072566356097343e+00 0.0000000000000000e+00 0.0000000000000000e+00
 1.7064387365204698e+00 0.0000000000000000e+00 0.0000000000000000e+00
 1.5959290956802579e+00 0.0000000000000000e+00 0.0000000000000000e+00
 1.3797875954394501e+00 0.0000000000000000e+00 0.0000000000000000e+00
 1.1191835227890694e+00 0.0000000000000000e+00 0.0000000000000000e+00
 9.9031191981510658e-01 0.0000000000000000e+00 0.0000000000000000e+00
 1.0952028198517012e+00 0.0000000000000000e+00 0.0000000000000000e+00
 1.3569012218143941e+00 0.0000000000000000e+00 0.0000000000000000e+00
 1.5992447665140848e+00 0.0000000000000000e+00 0.0000000000000000e+00
 1.5200883247689461e+00 0.0000000000000000e+00 0.0000000000000000e+00
 1.1191835227890703e+00 0.0000000000000000e+00 0.0000000000000000e+00
 8.9205916197885382e-01 0.0000000000000000e+00 0.0000000000000000e+00
 8.6662832617155838e-01 0.0000000000000000e+00 0.0000000000000000e+00
 9.3988363849988754e-01 0.0000000000000000e+00 0.0000000000000000e+00
 1.1643455914738221e+00 0.0000000000000000e+00 0.0000000000000000e+00
 1.4786556429634996e+00 0.0000000000000000e+00 0.0000000000000000e+00
 1.4445531652706627e+00 0.0000000000000000e+00 0.0000000000000000e+00
 9.9031191981510702e-01 0.0000000000000000e+00 0.0000000000000000e+00
 8.6662832617155805e-01 0.0000000000000000e+00 0.0000000000000000e+00
 9.2493861546239886e-01 0.0000000000000000e+00 0.0000000000000000e+00
 9.1977007069792427e-01 0.0000000000000000e+00 0.0000000000000000e+00
 1.0595831597787158e+00 0.0000000000000000e+00 0.0000000000000000e+00
 1.4320657468406692e+00 0.0000000000000000e+00 0.0000000000000000e+00
 1.4105720127918822e+00 0.0000000000000000e+00 0.0000000000000000e+00
 1.0952028198517014e+00 0.0000000000000000e+00 0.0000000000000000e+00
 9.3988363849988732e-01 0.0000000000000000e+00 0.0000000000000000e+00
 9.1977007069792371e-01 0.0000000000000000e+00 0.0000000000000000e+00
 9.5696688133783381e-01 0.0000000000000000e+00 0.0000000000000000e+00
 1.1337223676396035e+00 0.0000000000000000e+00 0.0000000000000000e+00
 1.4379748700959392e+00 0.0000000000000000e+00 0.0000000000000000e+00
 1.5072566356097337e+00 0.0000000000000000e+00 0.0000000000000000e+00
 1.3569012218143941e+00 0.0000000000000000e+00 0.0000000000000000e+00
 1.1643455914738210e+00 0.0000000000000000e+00 0.0000000000000000e+00
 1.0595831597787160e+00 0.0000000000000000e+00 0.0000000000000000e+00
 1.1337223676396040e+00 0.0000000000000000e+00 0.0000000000000000e+00
 1.3402887054714754e+00 0.0000000000000000e+00 0.0000000000000000e+00
 1.5506994518595496e+00 0.0000000000000000e+00 0.0000000000000000e+00
 1.7064387365204698e+00 0.0000000000000000e+00 0.0000000000000000e+00
 1.5992447665140863e+00 0.0000000000000000e+00 0.0000000000000000e+00
 1.4786556429634981e+00 0.0000000000000000e+00 0.0000000000000000e+00
 1.4320657468406681e+00 0.0000000000000000e+00 0.0000000000000000e+00
 1.4379748700959387e+00 0.0000000000000000e+00 0.0000000000000000e+00
 1.5506994518595476e+00 0.0000000000000000e+00 0.0000000000000000e+00
 1.7206170909825105e+00 0.0000000000000000e+00 0.0000000000000000e+00
 1.4804875463307618e+00 0.0000000000000000e+00 0.0000000000000000e+00
 1.5381498950017882e+00 0.0000000000000000e+00 0.0000000000000000e+00
 1.5142305988703120e+00 0.0000000000000000e+00 0.0000000000000000e+00
 1.4793391090236783e+00 0.0000000000000000e+00 0.0000000000000000e+00
 1.4337631798811530e+00 0.0000000000000000e+00 0.0000000000000000e+00
 1.4682319939903437e+00 0.0000000000000000e+00 0.0000000000000000e+00
 1.6169780514406040e+00 0.0000000000000000e+00 0.0000000000000000e+00
 1.5381498950017896e+00 0.0000000000000000e+00 0.0000000000000000e+00
 1.3103621662698404e+00 0.0000000000000000e+00 0.0000000000000000e+00
 1.0639668237147224e+00 0.0000000000000000e+00 0.0000000000000000e+00
 9.4856508282781804e-01 0.0000000000000000e+00 0.0000000000000000e+00
 1.0437150905122048e+00 0.0000000000000000e+00 0.0000000000000000e+00
 1.2891351262691244e+00 0.0000000000000000e+00 0.0000000000000000e+00
 1.5402518569408314e+00 0.0000000000000000e+00 0.0000000000000000e+00
 1.5142305988703120e+00 0.0000000000000000e+00 0.0000000000000000e+00
 1.0639668237147217e+00 0.0000000000000000e+00 0.0000000000000000e+00
 7.7527696593214146e-01 0.0000000000000000e+00 0.0000000000000000e+00
 7.2498121618532174e-01 0.0000000000000000e+00 0.0000000000000000e+00
 8.2621767859464867e-01 0.0000000000000000e+00 0.0000000000000000e+00
 1.1033025207841902e+00 0.0000000000000000e+00 0.0000000000000000e+00
 1.4794002735234855e+00 0.0000000000000000e+00 0.0000000000000000e+00
 1.4793391090236780e+00 0.0000000000000000e+00 0.0000000000000000e+00
 9.4856508282781815e-01 0.0000000000000000e+00 0.0000000000000000e+00
 7.2498121618532319e-01 0.0000000000000000e+00 0.0000000000000000e+00
 7.5449057708256162e-01 0.0000000000000000e+00 0.0000000000000000e+00
 7.8648860688906574e-01 0.0000000000000000e+00 0.0000000000000000e+00
 1.0128864348798796e+00 0.0000000000000000e+00 0.0000000000000000e+00
 1.4659428584617342e+00 0.0000000000000000e+00 0.0000000000000000e+00
 1.4337631798811536e+00 0.0000000000000000e+00 0.0000000000000000e+00
 1.0437150905122039e+00 0.0000000000000000e+00 0.0000000000000000e+00
 8.2621767859464768e-01 0.0000000000000000e+00 0.0000000000000000e+00
 7.8648860688906597e-01 0.0000000000000000e+00 0.0000000000000000e+00
 8.5012394714053163e-01 0.0000000000000000e+00 0.0000000000000000e+00
 1.0847495280896438e+00 0.0000000000000000e+00 0.0000000000000000e+00
 1.4521138268954266e+00 0.0000000000000000e+00 0.0000000000000000e+00
 1.4682319939903457e+00 0.0000000000000000e+00 0.0000000000000000e+00
 1.2891351262691242e+00 0.0000000000000000e+00 0.0000000000000000e+00
 1.1033025207841913e+00 0.0000000000000000e+00 0.0000000000000000e+00
 1.0128864348798798e+00 0.0000000000000000e+00 0.0000000000000000e+00
 1.0847495280896429e+00 0.0000000000000000e+00 0.0000000000000000e+00
 1.2809939851229746e+00 0.0000000000000000e+00 0.0000000000000000e+00
 1.5001127761537572e+00 0.0000000000000000e+00 0.0000000000000000e+00
 1.6169780514406025e+00 0.0000000000000000e+00 0.0000000000000000e+00
 1.5402518569408310e+00 0.0000000000000000e+00 0.0000000000000000e+00
 1.4794002735234868e+00 0.0000000000000000e+00 0.0000000000000000e+00
 1.4659428584617342e+00 0.0000000000000000e+00 0.0000000000000000e+00
 1.4521138268954261e+00 0.0000000000000000e+00 0.0000000000000000e+00
 1.5001127761537583e+00 0.0000000000000000e+00 0.0000000000000000e+00
 1.6222749800882743e+00 0.0000000000000000e+00 0.0000000000000000e+00
 1.4084478579775404e+00 0.0000000000000000e+00 0.0000000000000000e+00
 1.4774863584752636e+00 0.0000000000000000e+00 0.0000000000000000e+00
 1.5002364783669186e+00 0.0000000000000000e+00 0.0000000000000000e+00
 1.4994370548742797e+00 0.0000000000000000e+00 0.0000000000000000e+00
 1.4461703440193565e+00 0.0000000000000000e+00 0.0000000000000000e+00
 1.4288375283138461e+00 0.0000000000000000e+00 0.0000000000000000e+00
 1.5287864212395335e+00 0.0000000000000000e+00 0.0000000000000000e+00
 1.4774863584752638e+00 0.0000000000000000e+00 0.0000000000000000e+00
 1.2438721759196949e+00 0.0000000000000000e+00 0.0000000000000000e+00
 1.0145394380772144e+00 0.0000000000000000e+00 0.0000000000000000e+00
 9.1123628151951719e-01 0.0000000000000000e+00 0.0000000000000000e+00
 9.9285322168677514e-01 0.0000000000000000e+00 0.0000000000000000e+00
 1.2194392968668344e+00 0.0000000000000000e+00 0.0000000000000000e+00
 1.4784804705175028e+00 0.0000000000000000e+00 0.0000000000000000e+00
 1.5002364783669182e+00 0.0000000000000000e+00 0.0000000000000000e+00
 1.0145394380772146e+00 0.0000000000000000e+00 0.0000000000000000e+00
 6.7507590396751105e-01 0.0000000000000000e+00 0.0000000000000000e+00
 5.9596966552065700e-01 0.0000000000000000e+00 0.0000000000000000e+00
 7.1839702409451200e-01 0.0000000000000000e+00 0.0000000000000000e+00
 1.0385571789605130e+00 0.0000000000000000e+00 0.0000000000000000e+00
 1.4675570664009765e+00 0.0000000000000000e+00 0.0000000000000000e+00
 1.4994370548742790e+00 0.0000000000000000e+00 0.0000000000000000e+00
 9.1123628151951686e-01 0.0000000000000000e+00 0.0000000000000000e+00
 5.9596966552065633e-01 0.0000000000000000e+00 0.0000000000000000e+00
 5.9200414885137354e-01 0.0000000000000000e+00 0.0000000000000000e+00
 6.5927626722754684e-01 0.0000000000000000e+00 0.0000000000000000e+00
 9.6273542722187311e-01 0.0000000000000000e+00 0.0000000000000000e+00
 1.4817109142087972e+00 0.0000000000000000e+00 0.0000000000000000e+00
 1.4461703440193561e+00 0.0000000000000000e+00 0.0000000000000000e+00
 9.9285322168677625e-01 0.0000000000000000e+00 0.0000000000000000e+00
 7.1839702409451134e-01 0.0000000000000000e+00 0.0000000000000000e+00
 6.5927626722754695e-01 0.0000000000000000e+00 0.0000000000000000e+00
 7.4921268016464082e-01 0.0000000000000000e+00 0.0000000000000000e+00
 1.0351006151089366e+00 0.0000000000000000e+00 0.0000000000000000e+00
 1.4556291106114989e+00 0.0000000000000000e+00 0.0000000000000000e+00
 1.4288375283138461e+00 0.0000000000000000e+00 0.0000000000000000e+00
 1.2194392968668355e+00 0.0000000000000000e+00 0.0000000000000000e+00
 1.0385571789605132e+00 0.0000000000000000e+00 0.0000000000000000e+00
 9.6273542722187233e-01 0.0000000000000000e+00 0.0000000000000000e+00
 1.0351006151089370e+00 0.0000000000000000e+00 0.0000000000000000e+00
 1.2240350672918712e+00 0.0000000000000000e+00 0.0000000000000000e+00
 1.4522559639762394e+00 0.0000000000000000e+00 0.0000000000000000e+00
 1.5287864212395330e+00 0.0000000000000000e+00 0.0000000000000000e+00
 1.4784804705175032e+00 0.0000000000000000e+00 0.0000000000000000e+00
 1.4675570664009765e+00 0.0000000000000000e+00 0.0000000000000000e+00
 1.4817109142087979e+00 0.0000000000000000e+00 0.0000000000000000e+00
 1.4556291106114991e+00 0.0000000000000000e+00 0.0000000000000000e+00
 1.4522559639762378e+00 0.0000000000000000e+00 0.0000000000000000e+00
 1.5293677202219413e+00 0.0000000000000000e+00 0.0000000000000000e+00
 1.3344828144463314e+00 0.0000000000000000e+00 0.0000000000000000e+00
 1.4161658379722621e+00 0.0000000000000000e+00 0.0000000000000000e+00
 1.4793441925149766e+00 0.0000000000000000e+00 0.0000000000000000e+00
 1.5064042597607117e+00 0.0000000000000000e+00 0.0000000000000000e+00
 1.4486874980697484e+00 0.0000000000000000e+00 0.0000000000000000e+00
 1.3901410804534893e+00 0.0000000000000000e+00 0.0000000000000000e+00
 1.4453863394165862e+00 0.0000000000000000e+00 0.0000000000000000e+00
 1.4161658379722624e+00 0.0000000000000000e+00 0.0000000000000000e+00
 1.1816279441274509e+00 0.0000000000000000e+00 0.0000000000000000e+00
 9.7139454553859284e-01 0.0000000000000000e+00 0.0000000000000000e+00
 8.7909623711316875e-01 0.0000000000000000e+00 0.0000000000000000e+00
 9.4493797481771824e-01 0.0000000000000000e+00 0.0000000000000000e+00
 1.1506773872251066e+00 0.0000000000000000e+00 0.0000000000000000e+00
 1.4159861472765700e+00 0.0000000000000000e+00 0.0000000000000000e+00
 1.4793441925149771e+00 0.0000000000000000e+00 0.0000000000000000e+00
 9.7139454553859284e-01 0.0000000000000000e+00 0.0000000000000000e+00
 5.9520022248634630e-01 0.0000000000000000e+00 0.0000000000000000e+00
 4.8501498469439031e-01 0.0000000000000000e+00 0.0000000000000000e+00
 6.2086628789889486e-01 0.0000000000000000e+00 0.0000000000000000e+00
 9.7322154356660462e-01 0.0000000000000000e+00 0.0000000000000000e+00
 1.4448838156220654e+00 0.0000000000000000e+00 0.0000000000000000e+00
 1.5064042597607101e+00 0.0000000000000000e+00 0.0000000000000000e+00
 8.7909623711316809e-01 0.0000000000000000e+00 0.0000000000000000e+00
 4.8501498469439108e-01 0.0000000000000000e+00 0.0000000000000000e+00
 4.4048241640758201e-01 0.0000000000000000e+00 0.0000000000000000e+00
 5.4200939104998347e-01 0.0000000000000000e+00 0.0000000000000000e+00
 9.1129190207730570e-01 0.0000000000000000e+00 0.0000000000000000e+00
 1.4813586408326471e+00 0.0000000000000000e+00 0.0000000000000000e+00
 1.4486874980697502e+00 0.0000000000000000e+00 0.0000000000000000e+00
 9.4493797481771824e-01 0.0000000000000000e+00 0.0000000000000000e+00
 6.2086628789889398e-01 0.0000000000000000e+00 0.0000000000000000e+00
 5.4200939104998280e-01 0.0000000000000000e+00 0.0000000000000000e+00
 6.5707832533814892e-01 0.0000000000000000e+00 0.0000000000000000e+00
 9.8576195611763062e-01 0.0000000000000000e+00 0.0000000000000000e+00
 1.4490143998377796e+00 0.0000000000000000e+00 0.0000000000000000e+00
 1.3901410804534893e+00 0.0000000000000000e+00 0.0000000000000000e+00
 1.1506773872251064e+00 0.0000000000000000e+00 0.0000000000000000e+00
 9.7322154356660595e-01 0.0000000000000000e+00 0.0000000000000000e+00
 9.1129190207730604e-01 0.0000000000000000e+00 0.0000000000000000e+00
 9.8576195611762985e-01 0.0000000000000000e+00 0.0000000000000000e+00
 1.1698775463253701e+00 0.0000000000000000e+00 0.0000000000000000e+00
 1.4075666951187777e+00 0.0000000000000000e+00 0.0000000000000000e+00
 1.4453863394165862e+00 0.0000000000000000e+00 0.0000000000000000e+00
 1.4159861472765709e+00 0.0000000000000000e+00 0.0000000000000000e+00
 1.4448838156220667e+00 0.0000000000000000e+00 0.0000000000000000e+00
 1.4813586408326473e+00 0.0000000000000000e+00 0.0000000000000000e+00
 1.4490143998377789e+00 0.0000000000000000e+00 0.0000000000000000e+00
 1.4075666951187786e+00 0.0000000000000000e+00 0.0000000000000000e+00
 1.4453887198673880e+00 0.0000000000000000e+00 0.0000000000000000e+00
 1.2616894473987985e+00 0.0000000000000000e+00 0.0000000000000000e+00
 1.3558406529536855e+00 0.0000000000000000e+00 0.0000000000000000e+00
 1.4527874201896913e+00 0.0000000000000000e+00 0.0000000000000000e+00
 1.5021224503113768e+00 0.0000000000000000e+00 0.0000000000000000e+00
 1.4426998734621688e+00 0.0000000000000000e+00 0.0000000000000000e+00
 1.3531065540412062e+00 0.0000000000000000e+00 0.0000000000000000e+00
 1.3695759511656751e+00 0.0000000000000000e+00 0.0000000000000000e+00
 1.3558406529536851e+00 0.0000000000000000e+00 0.0000000000000000e+00
 1.1244161755449720e+00 0.0000000000000000e+00 0.0000000000000000e+00
 9.3470798468915128e-01 0.0000000000000000e+00 0.0000000000000000e+00
 8.5286916227971721e-01 0.0000000000000000e+00 0.0000000000000000e+00
 9.0228834192815854e-01 0.0000000000000000e+00 0.0000000000000000e+00
 1.0856629672157225e+00 0.0000000000000000e+00 0.0000000000000000e+00
 1.3546874229281520e+00 0.0000000000000000e+00 0.0000000000000000e+00
 1.4527874201896904e+00 0.0000000000000000e+00 0.0000000000000000e+00
 9.3470798468915273e-01 0.0000000000000000e+00 0.0000000000000000e+00
 5.3893004939204514e-01 0.0000000000000000e+00 0.0000000000000000e+00
 4.0002280870923851e-01 0.0000000000000000e+00 0.0000000000000000e+00
 5.3911194952451469e-01 0.0000000000000000e+00 0.0000000000000000e+00
 9.1057718125413711e-01 0.0000000000000000e+00 0.0000000000000000e+00
 1.4135255830502331e+00 0.0000000000000000e+00 0.0000000000000000e+00
 1.5021224503113766e+00 0.0000000000000000e+00 0.0000000000000000e+00
 8.5286916227971810e-01 0.0000000000000000e+00 0.0000000000000000e+00
 4.0002280870923856e-01 0.0000000000000000e+00 0.0000000000000000e+00
 3.0500968713654103e-01 0.0000000000000000e+00 0.0000000000000000e+00
 4.4022628745019243e-01 0.0000000000000000e+00 0.0000000000000000e+00
 8.6101889993802427e-01 0.0000000000000000e+00 0.0000000000000000e+00
 1.4673175998088002e+00 0.0000000000000000e+00 0.0000000000000000e+00
 1.4426998734621668e+00 0.0000000000000000e+00 0.0000000000000000e+00
 9.0228834192815877e-01 0.0000000000000000e+00 0.0000000000000000e+00
 5.3911194952451480e-01 0.0000000000000000e+00 0.0000000000000000e+00
 4.4022628745019121e-01 0.0000000000000000e+00 0.0000000000000000e+00
 5.7708606006885588e-01 0.0000000000000000e+00 0.0000000000000000e+00
 9.3790756853937629e-01 0.0000000000000000e+00 0.0000000000000000e+00
 1.4332357565145895e+00 0.0000000000000000e+00 0.0000000000000000e+00
 1.3531065540412071e+00 0.0000000000000000e+00 0.0000000000000000e+00
 1.0856629672157241e+00 0.0000000000000000e+00 0.0000000000000000e+00
 9.1057718125413634e-01 0.0000000000000000e+00 0.0000000000000000e+00
 8.6101889993802350e-01 0.0000000000000000e+00 0.0000000000000000e+00
 9.3790756853937962e-01 0.0000000000000000e+00 0.0000000000000000e+00
 1.1188140486423677e+00 0.0000000000000000e+00 0.0000000000000000e+00
 1.3660030989188163e+00 0.0000000000000000e+00 0.0000000000000000e+00
 1.3695759511656769e+00 0.0000000000000000e+00 0.0000000000000000e+00
 1.3546874229281516e+00 0.0000000000000000e+00 0.0000000000000000e+00
 1.4135255830502327e+00 0.0000000000000000e+00 0.0000000000000000e+00
 1.4673175998088004e+00 0.0000000000000000e+00 0.0000000000000000e+00
 1.4332357565145910e+00 0.0000000000000000e+00 0.0000000000000000e+00
 1.3660030989188154e+00 0.0000000000000000e+00 0.0000000000000000e+00
 1.3725542859209956e+00 0.0000000000000000e+00 0.0000000000000000e+00
 1.1925820375532779e+00 0.0000000000000000e+00 0.0000000000000000e+00
 1.2977176493356779e+00 0.0000000000000000e+00 0.0000000000000000e+00
 1.4217551526235064e+00 0.0000000000000000e+00 0.0000000000000000e+00
 1.4885619539171104e+00 0.0000000000000000e+00 0.0000000000000000e+00
 1.4298313039704613e+00 0.0000000000000000e+00 0.0000000000000000e+00
 1.3186441170436596e+00 0.0000000000000000e+00 0.0000000000000000e+00
 1.3035238493169532e+00 0.0000000000000000e+00 0.0000000000000000e+00
 1.2977176493356779e+00 0.0000000000000000e+00 0.0000000000000000e+00
 1.0726553934650715e+00 0.0000000000000000e+00 0.0000000000000000e+00
 9.0439445704230881e-01 0.0000000000000000e+00 0.0000000000000000e+00
 8.3305372271180633e-01 0.0000000000000000e+00 0.0000000000000000e+00
 8.6696951038054537e-01 0.0000000000000000e+00 0.0000000000000000e+00
 1.0270819863040006e+00 0.0000000000000000e+00 0.0000000000000000e+00
 1.2964180956559324e+00 0.0000000000000000e+00 0.0000000000000000e+00
 1.4217551526235064e+00 0.0000000000000000e+00 0.0000000000000000e+00
 9.0439445704230848e-01 0.0000000000000000e+00 0.0000000000000000e+00
 5.0789364266739667e-01 0.0000000000000000e+00 0.0000000000000000e+00
 3.5094837701497750e-01 0.0000000000000000e+00 0.0000000000000000e+00
 4.7950242291574396e-01 0.0000000000000000e+00 0.0000000000000000e+00
 8.5391136130656065e-01 0.0000000000000000e+00 0.0000000000000000e+00
 1.3758194185429016e+00 0.0000000000000000e+00 0.0000000000000000e+00
 1.4885619539171118e+00 0.0000000000000000e+00 0.0000000000000000e+00
 8.3305372271180533e-01 0.0000000000000000e+00 0.0000000000000000e+00
 3.5094837701497722e-01 0.0000000000000000e+00 0.0000000000000000e+00
 1.9934582303007511e-01 0.0000000000000000e+00 0.0000000000000000e+00
 3.6243363333101952e-01 0.0000000000000000e+00 0.0000000000000000e+00
 8.1448168320365544e-01 0.0000000000000000e+00 0.0000000000000000e+00
 1.4421915986278326e+00 0.0000000000000000e+00 0.0000000000000000e+00
 1.4298313039704602e+00 0.0000000000000000e+00 0.0000000000000000e+00
 8.6696951038054415e-01 0.0000000000000000e+00 0.0000000000000000e+00
 4.7950242291574424e-01 0.0000000000000000e+00 0.0000000000000000e+00
 3.6243363333101913e-01 0.0000000000000000e+00 0.0000000000000000e+00
 5.1318975358669350e-01 0.0000000000000000e+00 0.0000000000000000e+00
 8.9284878073087204e-01 0.0000000000000000e+00 0.0000000000000000e+00
 1.4095650312267203e+00 0.0000000000000000e+00 0.0000000000000000e+00
 1.3186441170436594e+00 0.0000000000000000e+00 0.0000000000000000e+00
 1.0270819863040008e+00 0.0000000000000000e+00 0.0000000000000000e+00
 8.5391136130656053e-01 0.0000000000000000e+00 0.0000000000000000e+00
 8.1448168320365621e-01 0.0000000000000000e+00 0.0000000000000000e+00
 8.9284878073087259e-01 0.0000000000000000e+00 0.0000000000000000e+00
 1.0711196267460865e+00 0.0000000000000000e+00 0.0000000000000000e+00
 1.3272913775844455e+00 0.0000000000000000e+00 0.0000000000000000e+00
 1.3035238493169536e+00 0.0000000000000000e+00 0.0000000000000000e+00
 1.2964180956559335e+00 0.0000000000000000e+00 0.0000000000000000e+00
 1.3758194185429016e+00 0.0000000000000000e+00 0.0000000000000000e+00
 1.4421915986278329e+00 0.0000000000000000e+00 0.0000000000000000e+00
 1.4095650312267203e+00 0.0000000000000000e+00 0.0000000000000000e+00
 1.3272913775844470e+00 0.0000000000000000e+00 0.0000000000000000e+00
 1.3119109930729815e+00 0.0000000000000000e+00 0.0000000000000000e+00
 1.1291693318472193e+00 0.0000000000000000e+00 0.0000000000000000e+00
 1.2426773247290712e+00 0.0000000000000000e+00 0.0000000000000000e+00
 1.3873621442909256e+00 0.0000000000000000e+00 0.0000000000000000e+00
 1.4676274470213821e+00 0.0000000000000000e+00 0.0000000000000000e+00
 1.4117567097261168e+00 0.0000000000000000e+00 0.0000000000000000e+00
 1.2876095655216744e+00 0.0000000000000000e+00 0.0000000000000000e+00
 1.2488314477594300e+00 0.0000000000000000e+00 0.0000000000000000e+00
 1.2426773247290717e+00 0.0000000000000000e+00 0.0000000000000000e+00
 1.0265236766890249e+00 0.0000000000000000e+00 0.0000000000000000e+00
 8.8016293662303779e-01 0.0000000000000000e+00 0.0000000000000000e+00
 8.1980625307154253e-01 0.0000000000000000e+00 0.0000000000000000e+00
 8.4054313392666091e-01 0.0000000000000000e+00 0.0000000000000000e+00
 9.7735079177274498e-01 0.0000000000000000e+00 0.0000000000000000e+00
 1.2429258875914531e+00 0.0000000000000000e+00 0.0000000000000000e+00
 1.3873621442909263e+00 0.0000000000000000e+00 0.0000000000000000e+00
 8.8016293662303824e-01 0.0000000000000000e+00 0.0000000000000000e+00
 5.0077963266577075e-01 0.0000000000000000e+00 0.0000000000000000e+00
 3.4384137042776036e-01 0.0000000000000000e+00 0.0000000000000000e+00
 4.4776063174486302e-01 0.0000000000000000e+00 0.0000000000000000e+00
 8.0629502550983179e-01 0.0000000000000000e+00 0.0000000000000000e+00
 1.3341381873908567e+00 0.0000000000000000e+00 0.0000000000000000e+00
 1.4676274470213835e+00 0.0000000000000000e+00 0.0000000000000000e+00
 8.1980625307154198e-01 0.0000000000000000e+00 0.0000000000000000e+00
 3.4384137042776036e-01 0.0000000000000000e+00 0.0000000000000000e+00
 1.6199942148307273e-01 0.0000000000000000e+00 0.0000000000000000e+00
 3.1990192605283008e-01 0.0000000000000000e+00 0.0000000000000000e+00
 7.7414938779956255e-01 0.0000000000000000e+00 0.0000000000000000e+00
 1.4085771872461093e+00 0.0000000000000000e+00 0.0000000000000000e+00
 1.4117567097261157e+00 0.0000000000000000e+00 0.0000000000000000e+00
 8.4054313392666002e-01 0.0000000000000000e+00 0.0000000000000000e+00
 4.4776063174486214e-01 0.0000000000000000e+00 0.0000000000000000e+00
 3.1990192605283102e-01 0.0000000000000000e+00 0.0000000000000000e+00
 4.6950959800252351e-01 0.0000000000000000e+00 0.0000000000000000e+00
 8.5196748103615594e-01 0.0000000000000000e+00 0.0000000000000000e+00
 1.3794513866716949e+00 0.0000000000000000e+00 0.0000000000000000e+00
 1.2876095655216750e+00 0.0000000000000000e+00 0.0000000000000000e+00
 9.7735079177274520e-01 0.0000000000000000e+00 0.0000000000000000e+00
 8.0629502550983134e-01 0.0000000000000000e+00 0.0000000000000000e+00
 7.7414938779956233e-01 0.0000000000000000e+00 0.0000000000000000e+00
 8.5196748103615583e-01 0.0000000000000000e+00 0.0000000000000000e+00
 1.0271474178792748e+00 0.0000000000000000e+00 0.0000000000000000e+00
 1.2911195268987605e+00 0.0000000000000000e+00 0.0000000000000000e+00
 1.2488314477594307e+00 0.0000000000000000e+00 0.0000000000000000e+00
 1.2429258875914531e+00 0.0000000000000000e+00 0.0000000000000000e+00
 1.3341381873908555e+00 0.0000000000000000e+00 0.0000000000000000e+00
 1.4085771872461108e+00 0.0000000000000000e+00 0.0000000000000000e+00
 1.3794513866716933e+00 0.0000000000000000e+00 0.0000000000000000e+00
 1.2911195268987607e+00 0.0000000000000000e+00 0.0000000000000000e+00
 1.2635218110414492e+00 0.0000000000000000e+00 0.0000000000000000e+00
 5.2996380858296131e-03 0.0000000000000000e+00 0.0000000000000000e+00
 5.6651816851431280e-03 0.0000000000000000e+00 0.0000000000000000e+00
 5.2064067310345708e-03 0.0000000000000000e+00 0.0000000000000000e+00
 4.7236153027411364e-03 0.0000000000000000e+00 0.0000000000000000e+00
 4.5131511569063395e-03 0.0000000000000000e+00 0.0000000000000000e+00
 5.1223764827966426e-03 0.0000000000000000e+00 0.0000000000000000e+00
 6.4939234095581465e-03 0.0000000000000000e+00 0.0000000000000000e+00
 5.6651816851431332e-03 0.0000000000000000e+00 0.0000000000000000e+00
 4.2831838604050123e-03 0.0000000000000000e+00 0.0000000000000000e+00
 2.9020070190810092e-03 0.0000000000000000e+00 0.0000000000000000e+00
 2.3204228406380166e-03 0.0000000000000000e+00 0.0000000000000000e+00
 2.7733927383811674e-03 0.0000000000000000e+00 0.0000000000000000e+00
 4.1436283907359556e-03 0.0000000000000000e+00 0.0000000000000000e+00
 5.7236993482341503e-03 0.0000000000000000e+00 0.0000000000000000e+00
 5.2064067310345647e-03 0.0000000000000000e+00 0.0000000000000000e+00
 2.9020070190810109e-03 0.0000000000000000e+00 0.0000000000000000e+00
 1.8564732361056064e-03 0.0000000000000000e+00 0.0000000000000000e+00
 1.7276749272957200e-03 0.0000000000000000e+00 0.0000000000000000e+00
 2.0373239973411491e-03 0.0000000000000000e+00 0.0000000000000000e+00
 3.1009316838211537e-03 0.0000000000000000e+00 0.0000000000000000e+00
 4.9300007743136864e-03 0.0000000000000000e+00 0.0000000000000000e+00
 4.7236153027411356e-03 0.0000000000000000e+00 0.0000000000000000e+00
 2.3204228406380175e-03 0.0000000000000000e+00 0.0000000000000000e+00
 1.7276749272957194e-03 0.0000000000000000e+00 0.0000000000000000e+00
 1.8983254139811811e-03 0.0000000000000000e+00 0.0000000000000000e+00
 1.9333791561355245e-03 0.0000000000000000e+00 0.0000000000000000e+00
 2.6125313140669465e-03 0.0000000000000000e+00 0.0000000000000000e+00
 4.6304652793390921e-03 0.0000000000000000e+00 0.0000000000000000e+00
 4.5131511569063395e-03 0.0000000000000000e+00 0.0000000000000000e+00
 2.7733927383811700e-03 0.0000000000000000e+00 0.0000000000000000e+00
 2.0373239973411486e-03 0.0000000000000000e+00 0.0000000000000000e+00
 1.9333791561355258e-03 0.0000000000000000e+00 0.0000000000000000e+00
 2.1091196580045276e-03 0.0000000000000000e+00 0.0000000000000000e+00
 2.9547805730884948e-03 0.0000000000000000e+00 0.0000000000000000e+00
 4.6802016406129170e-03 0.0000000000000000e+00 0.0000000000000000e+00
 5.1223764827966443e-03 0.0000000000000000e+00 0.0000000000000000e+00
 4.1436283907359530e-03 0.0000000000000000e+00 0.0000000000000000e+00
 3.1009316838211520e-03 0.0000000000000000e+00 0.0000000000000000e+00
 2.6125313140669508e-03 0.0000000000000000e+00 0.0000000000000000e+00
 2.9547805730884931e-03 0.0000000000000000e+00 0.0000000000000000e+00
 4.0580807583709697e-03 0.0000000000000000e+00 0.0000000000000000e+00
 5.4145962084832374e-03 0.0000000000000000e+00 0.0000000000000000e+00
 6.4939234095581421e-03 0.0000000000000000e+00 0.0000000000000000e+00
 5.7236993482341538e-03 0.0000000000000000e+00 0.0000000000000000e+00
 4.9300007743136760e-03 0.0000000000000000e+00 0.0000000000000000e+00
 4.6304652793390860e-03 0.0000000000000000e+00 0.0000000000000000e+00
 4.6802016406129170e-03 0.0000000000000000e+00 0.0000000000000000e+00
 5.4145962084832383e-03 0.0000000000000000e+00 0.0000000000000000e+00
 6.6090634489756588e-03 0.0000000000000000e+00 0.0000000000000000e+00
 4.8740275332908416e-03 0.0000000000000000e+00 0.0000000000000000e+00
 5.2801631527969652e-03 0.0000000000000000e+00 0.0000000000000000e+00
 5.1673685439975791e-03 0.0000000000000000e+00 0.0000000000000000e+00
 4.9453714857618774e-03 0.0000000000000000e+00 0.0000000000000000e+00
 4.6571156024251114e-03 0.0000000000000000e+00 0.0000000000000000e+00
 4.8711675154033008e-03 0.0000000000000000e+00 0.0000000000000000e+00
 5.8573648196967310e-03 0.0000000000000000e+00 0.0000000000000000e+00
 5.2801631527969652e-03 0.0000000000000000e+00 0.0000000000000000e+00
 3.8750059604961435e-03 0.0000000000000000e+00 0.0000000000000000e+00
 2.6298826667570771e-03 0.0000000000000000e+00 0.0000000000000000e+00
 2.1348334631967861e-03 0.0000000000000000e+00 0.0000000000000000e+00
 2.5287386503754037e-03 0.0000000000000000e+00 0.0000000000000000e+00
 3.7542462385912224e-03 0.0000000000000000e+00 0.0000000000000000e+00
 5.3247757873800799e-03 0.0000000000000000e+00 0.0000000000000000e+00
 5.1673685439975730e-03 0.0000000000000000e+00 0.0000000000000000e+00
 2.6298826667570802e-03 0.0000000000000000e+00 0.0000000000000000e+00
 1.4247320282853027e-03 0.0000000000000000e+00 0.0000000000000000e+00
 1.2311992870579842e-03 0.0000000000000000e+00 0.0000000000000000e+00
 1.5928222766951566e-03 0.0000000000000000e+00 0.0000000000000000e+00
 2.7955369692697204e-03 0.0000000000000000e+00 0.0000000000000000e+00
 4.9365498241227875e-03 0.0000000000000000e+00 0.0000000000000000e+00
 4.9453714857618774e-03 0.0000000000000000e+00 0.0000000000000000e+00
 2.1348334631967874e-03 0.0000000000000000e+00 0.0000000000000000e+00
 1.2311992870579845e-03 0.0000000000000000e+00 0.0000000000000000e+00
 1.2737940898671068e-03 0.0000000000000000e+00 0.0000000000000000e+00
 1.4315965571412769e-03 0.0000000000000000e+00 0.0000000000000000e+00
 2.3950925869418594e-03 0.0000000000000000e+00 0.0000000000000000e+00
 4.8472230126036329e-03 0.0000000000000000e+00 0.0000000000000000e+00
 4.6571156024251149e-03 0.0000000000000000e+00 0.0000000000000000e+00
 2.5287386503754020e-03 0.0000000000000000e+00 0.0000000000000000e+00
 1.5928222766951551e-03 0.0000000000000000e+00 0.0000000000000000e+00
 1.4315965571412780e-03 0.0000000000000000e+00 0.0000000000000000e+00
 1.6818872389722590e-03 0.0000000000000000e+00 0.0000000000000000e+00
 2.7121724175590070e-03 0.0000000000000000e+00 0.0000000000000000e+00
 4.7667205609983037e-03 0.0000000000000000e+00 0.0000000000000000e+00
 4.8711675154033077e-03 0.0000000000000000e+00 0.0000000000000000e+00
 3.7542462385912190e-03 0.0000000000000000e+00 0.0000000000000000e+00
 2.7955369692697239e-03 0.0000000000000000e+00 0.0000000000000000e+00
 2.3950925869418620e-03 0.0000000000000000e+00 0.0000000000000000e+00
 2.7121724175590074e-03 0.0000000000000000e+00 0.0000000000000000e+00
 3.7159453090484626e-03 0.0000000000000000e+00 0.0000000000000000e+00
 5.0776251539222505e-03 0.0000000000000000e+00 0.0000000000000000e+00
 5.8573648196967275e-03 0.0000000000000000e+00 0.0000000000000000e+00
 5.3247757873800764e-03 0.0000000000000000e+00 0.0000000000000000e+00
 4.9365498241227858e-03 0.0000000000000000e+00 0.0000000000000000e+00
 4.8472230126036346e-03 0.0000000000000000e+00 0.0000000000000000e+00
 4.7667205609982985e-03 0.0000000000000000e+00 0.0000000000000000e+00
 5.0776251539222522e-03 0.0000000000000000e+00 0.0000000000000000e+00
 5.9040159304263691e-03 0.0000000000000000e+00 0.0000000000000000e+00
 4.4298911687081265e-03 0.0000000000000000e+00 0.0000000000000000e+00
 4.8875612193335707e-03 0.0000000000000000e+00 0.0000000000000000e+00
 5.0748280352991724e-03 0.0000000000000000e+00 0.0000000000000000e+00
 5.0771026707118264e-03 0.0000000000000000e+00 0.0000000000000000e+00
 4.7363362256474615e-03 0.0000000000000000e+00 0.0000000000000000e+00
 4.6233335492451479e-03 0.0000000000000000e+00 0.0000000000000000e+00
 5.2598059741718051e-03 0.0000000000000000e+00 0.0000000000000000e+00
 4.8875612193335725e-03 0.0000000000000000e+00 0.0000000000000000e+00
 3.5016807222869790e-03 0.0000000000000000e+00 0.0000000000000000e+00
 2.3964524166777651e-03 0.0000000000000000e+00 0.0000000000000000e+00
 1.9745292673836678e-03 0.0000000000000000e+00 0.0000000000000000e+00
 2.2982687203588798e-03 0.0000000000000000e+00 0.0000000000000000e+00
 3.3737642073854851e-03 0.0000000000000000e+00 0.0000000000000000e+00
 4.9214850142986315e-03 0.0000000000000000e+00 0.0000000000000000e+00
 5.0748280352991768e-03 0.0000000000000000e+00 0.0000000000000000e+00
 2.3964524166777664e-03 0.0000000000000000e+00 0.0000000000000000e+00
 1.0998857904203432e-03 0.0000000000000000e+00 0.0000000000000000e+00
 8.5383880714412171e-04 0.0000000000000000e+00 0.0000000000000000e+00
 1.2227530381161802e-03 0.0000000000000000e+00 0.0000000000000000e+00
 2.4895221331239408e-03 0.0000000000000000e+00 0.0000000000000000e+00
 4.8631739974177822e-03 0.0000000000000000e+00 0.0000000000000000e+00
 5.0771026707118246e-03 0.0000000000000000e+00 0.0000000000000000e+00
 1.9745292673836682e-03 0.0000000000000000e+00 0.0000000000000000e+00
 8.5383880714412020e-04 0.0000000000000000e+00 0.0000000000000000e+00
 7.9503091341616016e-04 0.0000000000000000e+00 0.0000000000000000e+00
 1.0242305892012539e-03 0.0000000000000000e+00 0.0000000000000000e+00
 2.1727903210758811e-03 0.0000000000000000e+00 0.0000000000000000e+00
 4.9527069491647653e-03 0.0000000000000000e+00 0.0000000000000000e+00
 4.7363362256474624e-03 0.0000000000000000e+00 0.0000000000000000e+00
 2.2982687203588824e-03 0.0000000000000000e+00 0.0000000000000000e+00
 1.2227530381161782e-03 0.0000000000000000e+00 0.0000000000000000e+00
 1.0242305892012543e-03 0.0000000000000000e+00 0.0000000000000000e+00
 1.3233041332575710e-03 0.0000000000000000e+00 0.0000000000000000e+00
 2.4770594788498081e-03 0.0000000000000000e+00 0.0000000000000000e+00
 4.7877477604828063e-03 0.0000000000000000e+00 0.0000000000000000e+00
 4.6233335492451462e-03 0.0000000000000000e+00 0.0000000000000000e+00
 3.3737642073854868e-03 0.0000000000000000e+00 0.0000000000000000e+00
 2.4895221331239451e-03 0.0000000000000000e+00 0.0000000000000000e+00
 2.1727903210758803e-03 0.0000000000000000e+00 0.0000000000000000e+00
 2.4770594788498116e-03 0.0000000000000000e+00 0.0000000000000000e+00
 3.4008726030843699e-03 0.0000000000000000e+00 0.0000000000000000e+00
 4.7671936767818427e-03 0.0000000000000000e+00 0.0000000000000000e+00
 5.2598059741718025e-03 0.0000000000000000e+00 0.0000000000000000e+00
 4.9214850142986401e-03 0.0000000000000000e+00 0.0000000000000000e+00
 4.8631739974177779e-03 0.0000000000000000e+00 0.0000000000000000e+00
 4.9527069491647627e-03 0.0000000000000000e+00 0.0000000000000000e+00
 4.7877477604828123e-03 0.0000000000000000e+00 0.0000000000000000e+00
 4.7671936767818383e-03 0.0000000000000000e+00 0.0000000000000000e+00
 5.2715409287272114e-03 0.0000000000000000e+00 0.0000000000000000e+00
 3.9942562920535427e-03 0.0000000000000000e+00 0.0000000000000000e+00
 4.5039836569880521e-03 0.0000000000000000e+00 0.0000000000000000e+00
 4.9380949799215160e-03 0.0000000000000000e+00 0.0000000000000000e+00
 5.1244198732265309e-03 0.0000000000000000e+00 0.0000000000000000e+00
 4.7540871144637117e-03 0.0000000000000000e+00 0.0000000000000000e+00
 4.3857726440202950e-03 0.0000000000000000e+00 0.0000000000000000e+00
 4.7227729346739390e-03 0.0000000000000000e+00 0.0000000000000000e+00
 4.5039836569880573e-03 0.0000000000000000e+00 0.0000000000000000e+00
 3.1681025726881060e-03 0.0000000000000000e+00 0.0000000000000000e+00
 2.2003656395847460e-03 0.0000000000000000e+00 0.0000000000000000e+00
 1.8403655305169215e-03 0.0000000000000000e+00 0.0000000000000000e+00
 2.0909633639849073e-03 0.0000000000000000e+00 0.0000000000000000e+00
 3.0181963386460313e-03 0.0000000000000000e+00 0.0000000000000000e+00
 4.5289952099706651e-03 0.0000000000000000e+00 0.0000000000000000e+00
 4.9380949799215246e-03 0.0000000000000000e+00 0.0000000000000000e+00
 2.2003656395847460e-03 0.0000000000000000e+00 0.0000000000000000e+00
 8.7050710417324421e-04 0.0000000000000000e+00 0.0000000000000000e+00
 5.8621112182916145e-04 0.0000000000000000e+00 0.0000000000000000e+00
 9.3099511708062666e-04 0.0000000000000000e+00 0.0000000000000000e+00
 2.1989218852244462e-03 0.0000000000000000e+00 0.0000000000000000e+00
 4.7221484591256010e-03 0.0000000000000000e+00 0.0000000000000000e+00
 5.1244198732265326e-03 0.0000000000000000e+00 0.0000000000000000e+00
 1.8403655305169204e-03 0.0000000000000000e+00 0.0000000000000000e+00
 5.8621112182916145e-04 0.0000000000000000e+00 0.0000000000000000e+00
 4.5145201240987442e-04 0.0000000000000000e+00 0.0000000000000000e+00
 7.1061447927477615e-04 0.0000000000000000e+00 0.0000000000000000e+00
 1.9562863454215327e-03 0.0000000000000000e+00 0.0000000000000000e+00
 4.9550545706226563e-03 0.0000000000000000e+00 0.0000000000000000e+00
 4.7540871144637099e-03 0.0000000000000000e+00 0.0000000000000000e+00
 2.0909633639849060e-03 0.0000000000000000e+00 0.0000000000000000e+00
 9.3099511708062764e-04 0.0000000000000000e+00 0.0000000000000000e+00
 7.1061447927477615e-04 0.0000000000000000e+00 0.0000000000000000e+00
 1.0339596533573091e-03 0.0000000000000000e+00 0.0000000000000000e+00
 2.2541088204541000e-03 0.0000000000000000e+00 0.0000000000000000e+00
 4.7454536202463917e-03 0.0000000000000000e+00 0.0000000000000000e+00
 4.3857726440202889e-03 0.0000000000000000e+00 0.0000000000000000e+00
 3.0181963386460274e-03 0.0000000000000000e+00 0.0000000000000000e+00
 2.1989218852244514e-03 0.0000000000000000e+00 0.0000000000000000e+00
 1.9562863454215340e-03 0.0000000000000000e+00 0.0000000000000000e+00
 2.2541088204541039e-03 0.0000000000000000e+00 0.0000000000000000e+00
 3.1139164785844642e-03 0.0000000000000000e+00 0.0000000000000000e+00
 4.4850528054226138e-03 0.0000000000000000e+00 0.0000000000000000e+00
 4.7227729346739408e-03 0.0000000000000000e+00 0.0000000000000000e+00
 4.5289952099706677e-03 0.0000000000000000e+00 0.0000000000000000e+00
 4.7221484591256002e-03 0.0000000000000000e+00 0.0000000000000000e+00
 4.9550545706226624e-03 0.0000000000000000e+00 0.0000000000000000e+00
 4.7454536202463874e-03 0.0000000000000000e+00 0.0000000000000000e+00
 4.4850528054226129e-03 0.0000000000000000e+00 0.0000000000000000e+00
 4.7282745396836825e-03 0.0000000000000000e+00 0.0000000000000000e+00
 3.5862983823453142e-03 0.0000000000000000e+00 0.0000000000000000e+00
 4.1403657543179553e-03 0.0000000000000000e+00 0.0000000000000000e+00
 4.7667600015031675e-03 0.0000000000000000e+00 0.0000000000000000e+00
 5.0978030831202387e-03 0.0000000000000000e+00 0.0000000000000000e+00
 4.7181752070442062e-03 0.0000000000000000e+00 0.0000000000000000e+00
 4.1639781416154265e-03 0.0000000000000000e+00 0.0000000000000000e+00
 4.2586387967419540e-03 0.0000000000000000e+00 0.0000000000000000e+00
 4.1403657543179510e-03 0.0000000000000000e+00 0.0000000000000000e+00
 2.8752714263421825e-03 0.0000000000000000e+00 0.0000000000000000e+00
 2.0390272126246875e-03 0.0000000000000000e+00 0.0000000000000000e+00
 1.7329131718678559e-03 0.0000000000000000e+00 0.0000000000000000e+00
 1.9140378754158665e-03 0.0000000000000000e+00 0.0000000000000000e+00
 2.7000102254927803e-03 0.0000000000000000e+00 0.0000000000000000e+00
 4.1594381951507702e-03 0.0000000000000000e+00 0.0000000000000000e+00
 4.7667600015031605e-03 0.0000000000000000e+00 0.0000000000000000e+00
 2.0390272126246901e-03 0.0000000000000000e+00 0.0000000000000000e+00
 7.2352932285063858e-04 0.0000000000000000e+00 0.0000000000000000e+00
 4.1622493931184963e-04 0.0000000000000000e+00 0.0000000000000000e+00
 7.1744527970947903e-04 0.0000000000000000e+00 0.0000000000000000e+00
 1.9371244957998115e-03 0.0000000000000000e+00 0.0000000000000000e+00
 4.5292608367488623e-03 0.0000000000000000e+00 0.0000000000000000e+00
 5.0978030831202335e-03 0.0000000000000000e+00 0.0000000000000000e+00
 1.7329131718678561e-03 0.0000000000000000e+00 0.0000000000000000e+00
 4.1622493931184931e-04 0.0000000000000000e+00 0.0000000000000000e+00
 2.2857134290717865e-04 0.0000000000000000e+00 0.0000000000000000e+00
 4.8636911653640407e-04 0.0000000000000000e+00 0.0000000000000000e+00
 1.7555959848632166e-03 0.0000000000000000e+00 0.0000000000000000e+00
 4.8690539386036600e-03 0.0000000000000000e+00 0.0000000000000000e+00
 4.7181752070442080e-03 0.0000000000000000e+00 0.0000000000000000e+00
 1.9140378754158704e-03 0.0000000000000000e+00 0.0000000000000000e+00
 7.1744527970947990e-04 0.0000000000000000e+00 0.0000000000000000e+00
 4.8636911653640342e-04 0.0000000000000000e+00 0.0000000000000000e+00
 8.1199381855803082e-04 0.0000000000000000e+00 0.0000000000000000e+00
 2.0479178000353702e-03 0.0000000000000000e+00 0.0000000000000000e+00
 4.6462907888384225e-03 0.0000000000000000e+00 0.0000000000000000e+00
 4.1639781416154247e-03 0.0000000000000000e+00 0.0000000000000000e+00
 2.7000102254927838e-03 0.0000000000000000e+00 0.0000000000000000e+00
 1.9371244957998106e-03 0.0000000000000000e+00 0.0000000000000000e+00
 1.7555959848632161e-03 0.0000000000000000e+00 0.0000000000000000e+00
 2.0479178000353754e-03 0.0000000000000000e+00 0.0000000000000000e+00
 2.8548188702520148e-03 0.0000000000000000e+00 0.0000000000000000e+00
 4.2297331524719000e-03 0.0000000000000000e+00 0.0000000000000000e+00
 4.2586387967419549e-03 0.0000000000000000e+00 0.0000000000000000e+00
 4.1594381951507720e-03 0.0000000000000000e+00 0.0000000000000000e+00
 4.5292608367488597e-03 0.0000000000000000e+00 0.0000000000000000e+00
 4.8690539386036591e-03 0.0000000000000000e+00 0.0000000000000000e+00
 4.6462907888384190e-03 0.0000000000000000e+00 0.0000000000000000e+00
 4.2297331524718939e-03 0.0000000000000000e+00 0.0000000000000000e+00
 4.2790250408084587e-03 0.0000000000000000e+00 0.0000000000000000e+00
 3.2184449411147460e-03 0.0000000000000000e+00 0.0000000000000000e+00
 3.8033639808566473e-03 0.0000000000000000e+00 0.0000000000000000e+00
 4.5701100647555035e-03 0.0000000000000000e+00 0.0000000000000000e+00
 5.0101914292966111e-03 0.0000000000000000e+00 0.0000000000000000e+00
 4.6389248636811604e-03 0.0000000000000000e+00 0.0000000000000000e+00
 3.9624729465774049e-03 0.0000000000000000e+00 0.0000000000000000e+00
 3.8730333079767922e-03 0.0000000000000000e+00 0.0000000000000000e+00
 3.8033639808566530e-03 0.0000000000000000e+00 0.0000000000000000e+00
 2.6218495773621042e-03 0.0000000000000000e+00 0.0000000000000000e+00
 1.9091685959816990e-03 0.0000000000000000e+00 0.0000000000000000e+00
 1.6520258246898829e-03 0.0000000000000000e+00 0.0000000000000000e+00
 1.7723950008647110e-03 0.0000000000000000e+00 0.0000000000000000e+00
 2.4281207058751866e-03 0.0000000000000000e+00 0.0000000000000000e+00
 3.8223958803776980e-03 0.0000000000000000e+00 0.0000000000000000e+00
 4.5701100647555001e-03 0.0000000000000000e+00 0.0000000000000000e+00
 1.9091685959816995e-03 0.0000000000000000e+00 0.0000000000000000e+00
 6.4552546328456629e-04 0.0000000000000000e+00 0.0000000000000000e+00
 3.3039612986390956e-04 0.0000000000000000e+00 0.0000000000000000e+00
 5.7866996960128031e-04 0.0000000000000000e+00 0.0000000000000000e+00
 1.7141578228553598e-03 0.0000000000000000e+00 0.0000000000000000e+00
 4.3016130887700774e-03 0.0000000000000000e+00 0.0000000000000000e+00
 5.0101914292966111e-03 0.0000000000000000e+00 0.0000000000000000e+00
 1.6520258246898814e-03 0.0000000000000000e+00 0.0000000000000000e+00
 3.3039612986390934e-04 0.0000000000000000e+00 0.0000000000000000e+00
 1.0993573209663231e-04 0.0000000000000000e+00 0.0000000000000000e+00
 3.4444453354505564e-04 0.0000000000000000e+00 0.0000000000000000e+00
 1.5790497950021851e-03 0.0000000000000000e+00 0.0000000000000000e+00
 4.7129595046898820e-03 0.0000000000000000e+00 0.0000000000000000e+00
 4.6389248636811622e-03 0.0000000000000000e+00 0.0000000000000000e+00
 1.7723950008647093e-03 0.0000000000000000e+00 0.0000000000000000e+00
 5.7866996960128107e-04 0.0000000000000000e+00 0.0000000000000000e+00
 3.4444453354505570e-04 0.0000000000000000e+00 0.0000000000000000e+00
 6.5375425606657548e-04 0.0000000000000000e+00 0.0000000000000000e+00
 1.8626742300193371e-03 0.0000000000000000e+00 0.0000000000000000e+00
 4.4995642269394006e-03 0.0000000000000000e+00 0.0000000000000000e+00
 3.9624729465774005e-03 0.0000000000000000e+00 0.0000000000000000e+00
 2.4281207058751866e-03 0.0000000000000000e+00 0.0000000000000000e+00
 1.7141578228553618e-03 0.0000000000000000e+00 0.0000000000000000e+00
 1.5790497950021890e-03 0.0000000000000000e+00 0.0000000000000000e+00
 1.8626742300193401e-03 0.0000000000000000e+00 0.0000000000000000e+00
 2.6229838966025645e-03 0.0000000000000000e+00 0.0000000000000000e+00
 3.9984037218751900e-03 0.0000000000000000e+00 0.0000000000000000e+00
 3.8730333079767926e-03 0.0000000000000000e+00 0.0000000000000000e+00
 3.8223958803777014e-03 0.0000000000000000e+00 0.0000000000000000e+00
 4.3016130887700756e-03 0.0000000000000000e+00 0.0000000000000000e+00
 4.7129595046898811e-03 0.0000000000000000e+00 0.0000000000000000e+00
 4.4995642269394049e-03 0.0000000000000000e+00 0.0000000000000000e+00
 3.9984037218751918e-03 0.0000000000000000e+00 0.0000000000000000e+00
 3.9204183480983897e-03 0.0000000000000000e+00 0.0000000000000000e+00
 2.8977823868868904e-03 0.0000000000000000e+00 0.0000000000000000e+00
 3.4966062857785295e-03 0.0000000000000000e+00 0.0000000000000000e+00
 4.3567064322184382e-03 0.0000000000000000e+00 0.0000000000000000e+00
 4.8751232250016270e-03 0.0000000000000000e+00 0.0000000000000000e+00
 4.5274885817688532e-03 0.0000000000000000e+00 0.0000000000000000e+00
 3.7849564705447862e-03 0.0000000000000000e+00 0.0000000000000000e+00
 3.5669352265074324e-03 0.0000000000000000e+00 0.0000000000000000e+00
 3.4966062857785243e-03 0.0000000000000000e+00 0.0000000000000000e+00
 2.4052849168734840e-03 0.0000000000000000e+00 0.0000000000000000e+00
 1.8072541809472757e-03 0.0000000000000000e+00 0.0000000000000000e+00
 1.5966797645672161e-03 0.0000000000000000e+00 0.0000000000000000e+00
 1.6684767084009199e-03 0.0000000000000000e+00 0.0000000000000000e+00
 2.2080344798184712e-03 0.0000000000000000e+00 0.0000000000000000e+00
 3.5251801982410973e-03 0.0000000000000000e+00 0.0000000000000000e+00
 4.3567064322184400e-03 0.0000000000000000e+00 0.0000000000000000e+00
 1.8072541809472794e-03 0.0000000000000000e+00 0.0000000000000000e+00
 6.2360494190623111e-04 0.0000000000000000e+00 0.0000000000000000e+00
 3.1491264628222905e-04 0.0000000000000000e+00 0.0000000000000000e+00
 5.0870082818499634e-04 0.0000000000000000e+00 0.0000000000000000e+00
 1.5364853730164209e-03 0.0000000000000000e+00 0.0000000000000000e+00
 4.0558451696029877e-03 0.0000000000000000e+00 0.0000000000000000e+00
 4.8751232250016287e-03 0.0000000000000000e+00 0.0000000000000000e+00
 1.5966797645672150e-03 0.0000000000000000e+00 0.0000000000000000e+00
 3.1491264628222770e-04 0.0000000000000000e+00 0.0000000000000000e+00
 7.8630528917333079e-05 0.0000000000000000e+00 0.0000000000000000e+00
 2.7609422371501250e-04 0.0000000000000000e+00 0.0000000000000000e+00
 1.4327717766761711e-03 0.0000000000000000e+00 0.0000000000000000e+00
 4.5059617762832939e-03 0.0000000000000000e+00 0.0000000000000000e+00
 4.5274885817688558e-03 0.0000000000000000e+00 0.0000000000000000e+00
 1.6684767084009196e-03 0.0000000000000000e+00 0.0000000000000000e+00
 5.0870082818499655e-04 0.0000000000000000e+00 0.0000000000000000e+00
 2.7609422371501310e-04 0.0000000000000000e+00 0.0000000000000000e+00
 5.5437588379768561e-04 0.0000000000000000e+00 0.0000000000000000e+00
 1.7018928649221695e-03 0.0000000000000000e+00 0.0000000000000000e+00
 4.3161213118551294e-03 0.0000000000000000e+00 0.0000000000000000e+00
 3.7849564705447853e-03 0.0000000000000000e+00 0.0000000000000000e+00
 2.2080344798184742e-03 0.0000000000000000e+00 0.0000000000000000e+00
 1.5364853730164196e-03 0.0000000000000000e+00 0.0000000000000000e+00
 1.4327717766761711e-03 0.0000000000000000e+00 0.0000000000000000e+00
 1.7018928649221699e-03 0.0000000000000000e+00 0.0000000000000000e+00
 2.4179882789992571e-03 0.0000000000000000e+00 0.0000000000000000e+00
 3.7881448185090104e-03 0.0000000000000000e+00 0.0000000000000000e+00
 3.5669352265074407e-03 0.0000000000000000e+00 0.0000000000000000e+00
 3.5251801982410938e-03 0.0000000000000000e+00 0.0000000000000000e+00
 4.0558451696029885e-03 0.0000000000000000e+00 0.0000000000000000e+00
 4.5059617762832939e-03 0.0000000000000000e+00 0.0000000000000000e+00
 4.3161213118551225e-03 0.0000000000000000e+00 0.0000000000000000e+00
 3.7881448185090117e-03 0.0000000000000000e+00 0.0000000000000000e+00
 3.6441675317396048e-03 0.0000000000000000e+00 0.0000000000000000e+00
 -2.4163268366802522e-04 -2.4163268366802533e-04 1.0131812746304983e-04
 4.9471663143713703e-05 2.6415981175355194e-04 9.3500488494213988e-05
 1.3834560457941632e-04 6.6325155743757083e-04 2.3489509854957966e-06
 9.8816396692592726e-05 7.7185804729163236e-04 -6.6717468216791908e-05
 -2.2366434382860630e-05 5.1640096698507987e-04 -4.3967150235807059e-05
 -2.8510445895360868e-04 1.8602468100729013e-04 6.2524851212667572e-05
 -3.3499942813452967e-04 1.0175887869850850e-04 1.6152832496290267e-04
 2.6415981175355210e-04 4.9471663143713107e-05 9.3500488494222553e-05
 3.8844478835200721e-04 3.8844478835200742e-04 1.0565439659919343e-04
 2.6584975564536694e-04 4.3281176885650479e-04 7.2865933336436513e-05
 1.7824291687961881e-05 3.6923866619637468e-04 4.9503202788539477e-05
 -2.4188947954580716e-04 3.1394091569887243e-04 6.2123970774660516e-05
 -4.1240170542091175e-04 2.8123448843445049e-04 9.6908502026052553e-05
 -3.3209120395871582e-04 2.4001136331458799e-04 9.7697246783968257e-05
 6.6325155743757040e-04 1.3834560457941591e-04 2.3489509854968092e-06
 4.3281176885650484e-04 2.6584975564536732e-04 7.2865933336435930e-05
 1.1274493315025191e-04 1.1274493315025191e-04 1.2206594240474451e-04
 -2.3156889402437596e-05 -1.4782965898929031e-05 1.3954687487694779e-04
 -1.5182469819508611e-04 7.6817096114643486e-05 1.1983647498787058e-04
 -3.8412601817204556e-04 2.1150949558732020e-04 7.4829778592481284e-05
 -4.8362358552009224e-04 1.3288736168894587e-04 -1.2310933702897892e-05
 7.7185804729163116e-04 9.8816396692592888e-05 -6.6717468216791881e-05
 3.6923866619637620e-04 1.7824291687961942e-05 4.9503202788538867e-05
 -1.4782965898928818e-05 -2.3156889402437678e-05 1.3954687487694749e-04
 -2.4837888481768978e-05 -2.4837888481768808e-05 1.7488035007351868e-04
 -3.5573157918049527e-05 -6.2163393761410587e-06 1.3702105579550700e-04
 -3.4210773608812320e-04 2.2189285184491433e-05 5.2898948668361349e-05
 -6.1452049252470236e-04 3.2449407762768138e-05 -6.8182587455902397e-05
 5.1640096698507977e-04 -2.2366434382860623e-05 -4.3967150235808475e-05
 3.1394091569887249e-04 -2.4188947954580716e-04 6.2123970774660082e-05
 7.6817096114643567e-05 -1.5182469819508600e-04 1.1983647498787124e-04
 -6.2163393761411892e-06 -3.5573157918049412e-05 1.3702105579550648e-04
 -1.0331232582701605e-04 -1.0331232582701599e-04 1.1515276405451844e-04
 -3.3292800572514683e-04 -1.9155019750887180e-04 6.1214274846782012e-05
 -4.9123430057130711e-04 -7.9362180101968282e-05 -2.9659022763247791e-05
 1.8602468100728989e-04 -2.8510445895360895e-04 6.2524851212671000e-05
 2.8123448843445006e-04 -4.1240170542091109e-04 9.6908502026054450e-05
 2.1150949558732009e-04 -3.8412601817204524e-04 7.4829778592480999e-05
 2.2189285184491501e-05 -3.4210773608812299e-04 5.2898948668363193e-05
 -1.9155019750887185e-04 -3.3292800572514705e-04 6.1214274846781226e-05
 -3.3781394073796139e-04 -3.3781394073796145e-04 8.8675462407017720e-05
 -3.0853622240146756e-04 -2.8101666409380158e-04 8.7097981790301438e-05
 1.0175887869850848e-04 -3.3499942813452934e-04 1.6152832496290105e-04
 2.4001136331458815e-04 -3.3209120395871631e-04 9.7697246783970724e-05
 1.3288736168894555e-04 -4.8362358552009159e-04 -1.2310933702898620e-05
 3.2449407762767996e-05 -6.1452049252470236e-04 -6.8182587455896488e-05
 -7.9362180101968566e-05 -4.9123430057130732e-04 -2.9659022763246829e-05
 -2.8101666409380158e-04 -3.0853622240146778e-04 8.7097981790299839e-05
 -2.5959974907612020e-04 -2.5959974907611993e-04 1.8302916011262376e-04
 -2.0100810136476475e-04 -2.0100810136476521e-04 1.1001668232293169e-04
 -1.1459674721197135e-05 3.0248882374397755e-04 9.8030138080796507e-05
 4.5823258418565536e-05 7.3603291815743221e-04 1.6820805399044472e-05
 7.1395155457745340e-05 8.8918412050012713e-04 -4.4087497744527276e-05
 4.3512156476907359e-05 6.4149333919134518e-04 -2.7882855474230647e-05
 -1.6788200724941835e-04 2.5907416599107021e-04 6.2705418011491418e-05
 -2.7866540031706009e-04 9.2480494501748871e-05 1.5538304697213472e-04
 3.0248882374397804e-04 -1.1459674721196718e-05 9.8030138080797212e-05
 3.6562741066684091e-04 3.6562741066684074e-04 9.7996032626664081e-05
 2.3067858946182370e-04 4.8028622758094141e-04 6.3172703277734630e-05
 1.3569352493499896e-05 4.5897595747956550e-04 4.3270319005234579e-05
 -2.1025867191284508e-04 3.8447287113516082e-04 5.9790890767190988e-05
 -3.8196203491793412e-04 2.7960167872459864e-04 9.6972818460450908e-05
 -3.6547972318564466e-04 1.4206801289205293e-04 1.0098009610073205e-04
 7.3603291815743134e-04 4.5823258418565597e-05 1.6820805399038763e-05
 4.8028622758094179e-04 2.3067858946182408e-04 6.3172703277735172e-05
 1.4348189791612347e-04 1.4348189791612334e-04 9.4150835581365856e-05
 -2.2891545469801013e-05 4.6218078353137465e-05 1.0891322529783814e-04
 -1.7555078144987018e-04 1.0839633197246504e-04 1.0207196955190276e-04
 -4.3429266990737954e-04 1.8175601863782171e-04 7.7135671581139115e-05
 -5.9329918237592148e-04 4.5093106422432698e-05 8.7617254286881633e-06
 8.8918412050012713e-04 7.1395155457745055e-05 -4.4087497744531884e-05
 4.5897595747956539e-04 1.3569352493499943e-05 4.3270319005233766e-05
 4.6218078353137479e-05 -2.2891545469801206e-05 1.0891322529783749e-04
 -2.5603899572256219e-05 -2.5603899572256087e-05 1.3757945717959668e-04
 -9.0808780029425656e-05 -9.1890009478428712e-06 1.1370597937202458e-04
 -4.2863624623969848e-04 1.2760189132734891e-05 5.5407550605257345e-05
 -7.4848212775787261e-04 2.0263414056808926e-05 -4.0123797135610485e-05
 6.4149333919134529e-04 4.3512156476907535e-05 -2.7882855474230366e-05
 3.8447287113516055e-04 -2.1025867191284498e-04 5.9790890767192824e-05
 1.0839633197246514e-04 -1.7555078144987059e-04 1.0207196955190140e-04
 -9.1890009478429424e-06 -9.0808780029425846e-05 1.1370597937202439e-04
 -1.3611643556916557e-04 -1.3611643556916535e-04 9.8311109655941379e-05
 -3.9416919836752877e-04 -1.7099268320568573e-04 5.9906400111183543e-05
 -5.9629894795843342e-04 -2.8083774555624359e-06 -1.3459967764391561e-05
 2.5907416599107053e-04 -1.6788200724941803e-04 6.2705418011491839e-05
 2.7960167872459886e-04 -3.8196203491793428e-04 9.6972818460449404e-05
 1.8175601863782185e-04 -4.3429266990737965e-04 7.7135671581138166e-05
 1.2760189132734928e-05 -4.2863624623969870e-04 5.5407550605257033e-05
 -1.7099268320568578e-04 -3.9416919836752855e-04 5.9906400111183679e-05
 -3.1697935975828068e-04 -3.1697935975828100e-04 8.2238920267580111e-05
 -3.3836327159691537e-04 -1.6162995758711490e-04 8.1093228730457092e-05
 9.2480494501749182e-05 -2.7866540031705993e-04 1.5538304697213350e-04
 1.4206801289205312e-04 -3.6547972318564460e-04 1.0098009610074018e-04
 4.5093106422432929e-05 -5.9329918237592137e-04 8.7617254286848226e-06
 2.0263414056808973e-05 -7.4848212775787304e-04 -4.0123797135609625e-05
 -2.8083774555624503e-06 -5.9629894795843407e-04 -1.3459967764397094e-05
 -1.6162995758711493e-04 -3.3836327159691553e-04 8.1093228730463000e-05
 -2.1332704692077694e-04 -2.1332704692077719e-04 1.6817563772083950e-04
 -1.6958865708708833e-04 -1.6958865708708795e-04 1.1092704373678302e-04
 -6.6766628360350166e-05 3.2626334827609127e-04 9.7584474891996176e-05
 -3.2889782402166719e-05 7.8657437708136305e-04 2.9058479602195657e-05
 4.6089478596944192e-05 9.8005690588281492e-04 -2.2023706336129369e-05
 9.5442528443855079e-05 7.4851676589356825e-04 -1.1872868197182060e-05
 -6.7203448481588238e-05 3.2941348152266855e-04 6.0927462518039677e-05
 -2.2149244697897244e-04 8.5827365020777293e-05 1.4250953539872180e-04
 3.2626334827609132e-04 -6.6766628360350478e-05 9.7584474891993086e-05
 3.3734210516869940e-04 3.3734210516869891e-04 8.8470914244664862e-05
 1.9784621658190516e-04 5.0600863349308813e-04 5.3601892651810356e-05
 1.2879595176087639e-05 5.2029643352979654e-04 3.6843065363593654e-05
 -1.7685897735632099e-04 4.3617268482064547e-04 5.5065722564816874e-05
 -3.4984867379413153e-04 2.7891686543338233e-04 9.2600290554320486e-05
 -3.9421703109557629e-04 6.2112276019564970e-05 1.0003629097657129e-04
 7.8657437708136294e-04 -3.2889782402166644e-05 2.9058479602201844e-05
 5.0600863349308856e-04 1.9784621658190538e-04 5.3601892651810383e-05
 1.6328643832645180e-04 1.6328643832645186e-04 6.8755473109478706e-05
 -1.7750636029899725e-05 9.0708086365488098e-05 8.0164257675361381e-05
 -1.8314111094865600e-04 1.2943592495553129e-04 8.2802581731052013e-05
 -4.6394910625847089e-04 1.5464558499347610e-04 7.5198192239487411e-05
 -6.8605240715420297e-04 -2.6653374058818456e-05 2.7404497330965656e-05
 9.8005690588281406e-04 4.6089478596944111e-05 -2.2023706336132001e-05
 5.2029643352979730e-04 1.2879595176087644e-05 3.6843065363591729e-05
 9.0708086365487854e-05 -1.7750636029899610e-05 8.0164257675361327e-05
 -2.2660504865672506e-05 -2.2660504865672458e-05 1.0225269297894996e-04
 -1.2556437366914756e-04 -1.1336274922657800e-05 9.0008950484608510e-05
 -4.8757547221007407e-04 2.3627707741077643e-06 5.5292579052217849e-05
 -8.5957262690450906e-04 6.3890577791986248e-06 -1.2972469996097854e-05
 7.4851676589356869e-04 9.5442528443854944e-05 -1.1872868197182076e-05
 4.3617268482064526e-04 -1.7685897735632099e-04 5.5065722564817341e-05
 1.2943592495553118e-04 -1.8314111094865565e-04 8.2802581731052202e-05
 -1.1336274922657733e-05 -1.2556437366914773e-04 9.0008950484609892e-05
 -1.5734888762516561e-04 -1.5734888762516567e-04 8.0958777779447191e-05
 -4.3728813906736437e-04 -1.5530675619084065e-04 5.7454024635039752e-05
 -6.8514980050725935e-04 5.3687999820863568e-05 2.8500743847253735e-06
 3.2941348152266904e-04 -6.7203448481588333e-05 6.0927462518038918e-05
 2.7891686543338239e-04 -3.4984867379413175e-04 9.2600290554323983e-05
 1.5464558499347648e-04 -4.6394910625847106e-04 7.5198192239486354e-05
 2.3627707741076669e-06 -4.8757547221007385e-04 5.5292579052216588e-05
 -1.5530675619084062e-04 -4.3728813906736426e-04 5.7454024635040396e-05
 -2.9967893450440978e-04 -2.9967893450440978e-04 7.5259868765242951e-05
 -3.6422682149722825e-04 -6.3799624043884672e-05 7.4059535953143157e-05
 8.5827365020777646e-05 -2.2149244697897244e-04 1.4250953539871660e-04
 6.2112276019564956e-05 -3.9421703109557662e-04 1.0003629097657177e-04
 -2.6653374058818171e-05 -6.8605240715420243e-04 2.7404497330962319e-05
 6.3890577791984605e-06 -8.5957262690450895e-04 -1.2972469996092716e-05
 5.3687999820863853e-05 -6.8514980050726044e-04 2.8500743847239441e-06
 -6.3799624043884347e-05 -3.6422682149722815e-04 7.4059535953138983e-05
 -1.6608121335616438e-04 -1.6608121335616444e-04 1.4738357688428286e-04
 -1.4561225253363635e-04 -1.4561225253363651e-04 1.0609630907532827e-04
 -1.1385714217287721e-04 3.3817645059617109e-04 9.3754616977338967e-05
 -9.6640333818064441e-05 8.1623413803225044e-04 3.8905992766059546e-05
 2.3718960311931313e-05 1.0433700637767686e-03 -2.0817010988977324e-06
 1.3356017902468577e-04 8.3356329683536374e-04 2.6635966207732837e-06
 1.4682047214230409e-05 3.9332116654679737e-04 5.7625861145735576e-05
 -1.6808460881071455e-04 8.3580932689034020e-05 1.2550171589071295e-04
 3.3817645059617087e-04 -1.1385714217287724e-04 9.3754616977338587e-05
 3.0615003695841153e-04 3.0615003695841174e-04 7.8282996348517193e-05
 1.6783606864507198e-04 5.1323033582923198e-04 4.4551983812297485e-05
 1.4258795856570162e-05 5.5586188302898180e-04 3.0213230440681331e-05
 -1.4393061832956448e-04 4.6952708762491282e-04 4.8284071198211742e-05
 -3.1705483008626827e-04 2.7817014101556040e-04 8.4664132922103257e-05
 -4.1667567624727186e-04 1.2151926312028359e-06 9.5705129478582715e-05
 8.1623413803225066e-04 -9.6640333818064550e-05 3.8905992766055115e-05
 5.1323033582923198e-04 1.6783606864507165e-04 4.4551983812297607e-05
 1.7342946931067537e-04 1.7342946931067529e-04 4.6483623435936958e-05
 -9.9888047263737486e-06 1.2050244784892225e-04 5.4158913853749678e-05
 -1.7840579014466451e-04 1.4151457324504345e-04 6.3083494289759817e-05
 -4.7473318074600407e-04 1.3104414541786761e-04 6.9541166044167501e-05
 -7.5787310919812586e-04 -8.1674548696368646e-05 4.2441167176832188e-05
 1.0433700637767682e-03 2.3718960311931414e-05 -2.0817010988934871e-06
 5.5586188302898169e-04 1.4258795856570155e-05 3.0213230440681148e-05
 1.2050244784892230e-04 -9.9888047263737029e-06 5.4158913853749115e-05
 -1.7306089216507649e-05 -1.7306089216507581e-05 7.0148461215514395e-05
 -1.4305999238534647e-04 -1.2197064187091211e-05 6.6985988787135920e-05
 -5.2072102276733471e-04 -7.4112588005700999e-06 5.2537820668896868e-05
 -9.4407832303863479e-04 -7.7649770518384975e-06 1.1169079551404116e-05
 8.3356329683536374e-04 1.3356017902468561e-04 2.6635966207734184e-06
 4.6952708762491293e-04 -1.4393061832956467e-04 4.8284071198211105e-05
 1.4151457324504367e-04 -1.7840579014466443e-04 6.3083494289758828e-05
 -1.2197064187091303e-05 -1.4305999238534641e-04 6.6985988787136096e-05
 -1.6796213922546426e-04 -1.6796213922546407e-04 6.3793729421288782e-05
 -4.6296586633103655e-04 -1.4318941644306585e-04 5.3828304040523200e-05
 -7.5536180879552271e-04 9.1397822994522730e-05 1.8022069776131190e-05
 3.9332116654679716e-04 1.4682047214230231e-05 5.7625861145736457e-05
 2.7817014101556056e-04 -3.1705483008626794e-04 8.4664132922101549e-05
 1.3104414541786755e-04 -4.7473318074600434e-04 6.9541166044167406e-05
 -7.4112588005701338e-06 -5.2072102276733547e-04 5.2537820668896530e-05
 -1.4318941644306604e-04 -4.6296586633103704e-04 5.3828304040525368e-05
 -2.8552883987402342e-04 -2.8552883987402363e-04 6.8232948252321845e-05
 -3.8665806701445140e-04 1.0871232007465214e-05 6.7079914292796135e-05
 8.3580932689033871e-05 -1.6808460881071450e-04 1.2550171589071292e-04
 1.2151926312030940e-06 -4.1667567624727165e-04 9.5705129478583690e-05
 -8.1674548696368673e-05 -7.5787310919812564e-04 4.2441167176831686e-05
 -7.7649770518387804e-06 -9.4407832303863631e-04 1.1169079551402654e-05
 9.1397822994522581e-05 -7.5536180879552249e-04 1.8022069776131607e-05
 1.0871232007465223e-05 -3.8665806701445118e-04 6.7079914292797300e-05
 -1.2326836276432419e-04 -1.2326836276432409e-04 1.2406480235823108e-04
 -1.2693880035286785e-04 -1.2693880035286745e-04 9.7370884684350460e-05
 -1.5139834914387111e-04 3.4086069729331289e-04 8.7782249963940965e-05
 -1.4577556444633934e-04 8.2706047783591852e-04 4.6372783687286427e-05
 4.4647325796271647e-06 1.0797371376457692e-03 1.4843203513842524e-05
 1.5884185325543910e-04 8.9476708615550990e-04 1.4855076632083606e-05
 7.7497998814061089e-05 4.4796476351354538e-04 5.3083477406830322e-05
 -1.2149994939434448e-04 8.6484197580555033e-05 1.0633958848334793e-04
 3.4086069729331300e-04 -1.5139834914387079e-04 8.7782249963939014e-05
 2.7392647729301747e-04 2.7392647729301741e-04 6.8192960641881608e-05
 1.4059969686116067e-04 5.0534586449002290e-04 3.6255090434198729e-05
 1.6304383737899457e-05 5.6920689097887927e-04 2.3518423331113037e-05
 -1.1317061370856262e-04 4.8605813757967881e-04 3.9973832964415255e-05
 -2.8434887277041656e-04 2.7648082572107058e-04 7.4058080664046516e-05
 -4.3170607645061647e-04 -4.1336965424754556e-05 8.8675250670738223e-05
 8.2706047783591820e-04 -1.4577556444633923e-04 4.6372783687285296e-05
 5.0534586449002311e-04 1.4059969686116072e-04 3.6255090434200585e-05
 1.7532323261082748e-04 1.7532323261082732e-04 2.7568427498485502e-05
 -1.4856866331591098e-06 1.3783275177374016e-04 3.1400464538547370e-05
 -1.6502456316587168e-04 1.4636694514087850e-04 4.3837879558717953e-05
 -4.6919198751212328e-04 1.1132993868699503e-04 6.0938928027338460e-05
 -8.0681990122299235e-04 -1.2062768378036148e-04 5.3282612108604210e-05
 1.0797371376457688e-03 4.4647325796272774e-06 1.4843203513844003e-05
 5.6920689097887927e-04 1.6304383737899568e-05 2.3518423331113061e-05
 1.3783275177374011e-04 -1.4856866331590479e-06 3.1400464538547925e-05
 -1.0668709602763705e-05 -1.0668709602763741e-05 4.1983697275610048e-05
 -1.4684827344343824e-04 -1.1532097573201491e-05 4.5434546638378896e-05
 -5.3113923514226896e-04 -1.5360736155735388e-05 4.7458150923505293e-05
 -1.0005865766546619e-03 -2.0930510517077293e-05 3.1060058317313920e-05
 8.9476708615551011e-04 1.5884185325543962e-04 1.4855076632084097e-05
 4.8605813757967935e-04 -1.1317061370856270e-04 3.9973832964415546e-05
 1.4636694514087869e-04 -1.6502456316587174e-04 4.3837879558717513e-05
 -1.1532097573201486e-05 -1.4684827344343826e-04 4.5434546638378496e-05
 -1.6932814472334822e-04 -1.6932814472334827e-04 4.7343799585076356e-05
 -4.7270029223705828e-04 -1.3322742456785996e-04 4.9091606135631916e-05
 -8.0583716829471779e-04 1.1290269999420133e-04 3.1166122059667013e-05
 4.4796476351354532e-04 7.7497998814061157e-05 5.3083477406829889e-05
 2.7648082572107074e-04 -2.8434887277041667e-04 7.4058080664048603e-05
 1.1132993868699501e-04 -4.6919198751212338e-04 6.0938928027338222e-05
 -1.5360736155735344e-05 -5.3113923514226896e-04 4.7458150923504128e-05
 -1.3322742456786012e-04 -4.7270029223705904e-04 4.9091606135632214e-05
 -2.7368059395277173e-04 -2.7368059395277151e-04 6.1342732654829285e-05
 -4.0580156273088230e-04 6.3064893159566100e-05 6.0703141445776090e-05
 8.6484197580554762e-05 -1.2149994939434456e-04 1.0633958848334815e-04
 -4.1336965424754577e-05 -4.3170607645061701e-04 8.8675250670739551e-05
 -1.2062768378036135e-04 -8.0681990122299257e-04 5.3282612108604616e-05
 -2.0930510517077290e-05 -1.0005865766546610e-03 3.1060058317314876e-05
 1.1290269999420134e-04 -8.0583716829471801e-04 3.1166122059665292e-05
 6.3064893159566046e-05 -4.0580156273088176e-04 6.0703141445775656e-05
 -8.8660825589940252e-05 -8.8660825589940279e-05 1.0071432169133278e-04
 -1.1149601239556787e-04 -1.1149601239556791e-04 8.6266450084482817e-05
 -1.7902856853789690e-04 3.3665253088107500e-04 8.0571644072736264e-05
 -1.8155434979729470e-04 8.2149862197372051e-04 5.1594381876214679e-05
 -1.1901363975162923e-05 1.0910896145225578e-03 2.8393235246656699e-05
 1.7268538423865023e-04 9.3202949117627502e-04 2.4300172550283697e-05
 1.2225015547715664e-04 4.9148815887501297e-04 4.7514790727028396e-05
 -8.3416654851216468e-05 9.4421787395649953e-05 8.6429074280140912e-05
 3.3665253088107554e-04 -1.7902856853789701e-04 8.0571644072737077e-05
 2.4200092403567466e-04 2.4200092403567456e-04 5.8627328365351233e-05
 1.1585841177026364e-04 4.8564192134004363e-04 2.8822670456687242e-05
 1.7864189061240158e-05 5.6422382049953678e-04 1.6968144864234545e-05
 -8.5818376627049952e-05 4.8794408328974265e-04 3.0746577673810934e-05
 -2.5242407099202303e-04 2.7324983448249302e-04 6.1658435966447633e-05
 -4.3873259730303456e-04 -6.7353233261450659e-05 7.9541797030156192e-05
 8.2149862197371986e-04 -1.8155434979729468e-04 5.1594381876214733e-05
 4.8564192134004368e-04 1.1585841177026368e-04 2.8822670456687445e-05
 1.7042592434864492e-04 1.7042592434864508e-04 1.1972940250107824e-05
 6.3309552699085990e-06 1.4502309944798144e-04 1.2092733798602535e-05
 -1.4628897288978296e-04 1.4568147219689036e-04 2.5801894429658589e-05
 -4.5037643903642245e-04 9.5562595717787238e-05 5.0275937826365965e-05
 -8.3276815677856626e-04 -1.4496210219087544e-04 5.9842662690431576e-05
 1.0910896145225576e-03 -1.1901363975163021e-05 2.8393235246657106e-05
 5.6422382049953624e-04 1.7864189061240219e-05 1.6968144864235669e-05
 1.4502309944798141e-04 6.3309552699086354e-06 1.2092733798603466e-05
 -3.6742902665710016e-06 -3.6742902665710058e-06 1.8043303483842613e-05
 -1.4041346836388098e-04 -9.3201329826817975e-06 2.5895650433732257e-05
 -5.2257269118026126e-04 -2.0714618950049097e-05 4.0559356357783400e-05
 -1.0296031437336895e-03 -3.2076903949499525e-05 4.6180050002491956e-05
 9.3202949117627621e-04 1.7268538423865010e-04 2.4300172550281966e-05
 4.8794408328974297e-04 -8.5818376627049898e-05 3.0746577673812357e-05
 1.4568147219689044e-04 -1.4628897288978306e-04 2.5801894429658640e-05
 -9.3201329826818382e-06 -1.4041346836388089e-04 2.5895650433732389e-05
 -1.6305518356558331e-04 -1.6305518356558336e-04 3.1980684936849753e-05
 -4.6851062582922134e-04 -1.2418658529185974e-04 4.3383029173548452e-05
 -8.3660943208537105e-04 1.2136693647021826e-04 4.1740632781613231e-05
 4.9148815887501242e-04 1.2225015547715656e-04 4.7514790727028430e-05
 2.7324983448249286e-04 -2.5242407099202260e-04 6.1658435966449924e-05
 9.5562595717787251e-05 -4.5037643903642272e-04 5.0275937826365247e-05
 -2.0714618950049073e-05 -5.2257269118026180e-04 4.0559356357783074e-05
 -1.2418658529185985e-04 -4.6851062582922151e-04 4.3383029173549997e-05
 -2.6314234762602308e-04 -2.6314234762602287e-04 5.4593030344892598e-05
 -4.2149616278249358e-04 9.4967491221056846e-05 5.5086202114100854e-05
 9.4421787395650007e-05 -8.3416654851216332e-05 8.6429074280139936e-05
 -6.7353233261450632e-05 -4.3873259730303478e-04 7.9541797030154688e-05
 -1.4496210219087555e-04 -8.3276815677856648e-04 5.9842662690432383e-05
 -3.2076903949499681e-05 -1.0296031437336890e-03 4.6180050002494422e-05
 1.2136693647021813e-04 -8.3660943208537105e-04 4.1740632781612729e-05
 9.4967491221056995e-05 -4.2149616278249320e-04 5.5086202114098428e-05
 -6.4380568891842898e-05 -6.4380568891842627e-05 7.8945197490967587e-05
 -9.7528605493112509e-05 -9.7528605493112401e-05 7.3939296585263914e-05
 -1.9706269699234507e-04 3.2749752242794297e-04 7.2743598088608104e-05
 -2.0568452161360287e-04 8.0215633327589846e-04 5.4791414929568322e-05
 -2.5822053612108288e-05 1.0802535405374824e-03 3.8602028022313339e-05
 1.7662589661228498e-04 9.4664168575795066e-04 3.0967754690937554e-05
 1.5066005723010471e-04 5.2299311593915880e-04 4.1124373272899170e-05
 -5.4434019187287549e-05 1.0669378374416423e-04 6.6710543945628669e-05
 3.2749752242794254e-04 -1.9706269699234488e-04 7.2743598088609079e-05
 2.1129311599830228e-04 2.1129311599830236e-04 4.9782921320229078e-05
 9.3293077916150531e-05 4.5713087017053386e-04 2.2282170545285787e-05
 1.8109001830687588e-05 5.4477754387569576e-04 1.0782951313664175e-05
 -6.2718412695746912e-05 4.7768352590926353e-04 2.1208331847642509e-05
 -2.2196005432506506e-04 2.6820291583547770e-04 4.8287053896233390e-05
 -4.3776904714468834e-04 -7.9178377335821395e-05 6.8850255365205401e-05
 8.0215633327589868e-04 -2.0568452161360320e-04 5.4791414929564087e-05
 4.5713087017053462e-04 9.3293077916150815e-05 2.2282170545287126e-05
 1.6016006169549527e-04 1.6016006169549540e-04 -5.2038733508736111e-07
 1.2487145895745023e-05 1.4427272740471066e-04 -3.7926400595218100e-06
 -1.2495458341296804e-04 1.4096693349775576e-04 9.5062371293572641e-06
 -4.2149105186028838e-04 8.3594960140814524e-05 3.8433767384848763e-05
 -8.3703852288481392e-04 -1.5651757787499097e-04 6.2416838077248557e-05
 1.0802535405374819e-03 -2.5822053612108332e-05 3.8602028022309591e-05
 5.4477754387569533e-04 1.8109001830687605e-05 1.0782951313663562e-05
 1.4427272740471023e-04 1.2487145895745061e-05 -3.7926400595223352e-06
 2.9592336439750515e-06 2.9592336439749762e-06 -1.7084141278406354e-06
 -1.2691143535372711e-04 -5.7237587939777624e-06 8.6828345882331863e-06
 -4.9896761715869579e-04 -2.3112025920055404e-05 3.2422129711076185e-05
 -1.0330854908566685e-03 -4.0465769835923226e-05 5.6550933589417300e-05
 9.4664168575795023e-04 1.7662589661228523e-04 3.0967754690937317e-05
 4.7768352590926320e-04 -6.2718412695746993e-05 2.1208331847643085e-05
 1.4096693349775584e-04 -1.2495458341296807e-04 9.5062371293567424e-06
 -5.7237587939777133e-06 -1.2691143535372725e-04 8.6828345882334743e-06
 -1.5082891944769036e-04 -1.5082891944769023e-04 1.7943385750882803e-05
 -4.5268252122091955e-04 -1.1515648673281263e-04 3.6895978171793745e-05
 -8.4861086572366883e-04 1.2000745296815557e-04 4.9506455341527690e-05
 5.2299311593915869e-04 1.5066005723010488e-04 4.1124373272899604e-05
 2.6820291583547808e-04 -2.2196005432506530e-04 4.8287053896235220e-05
 8.3594960140814307e-05 -4.2149105186028784e-04 3.8433767384847903e-05
 -2.3112025920055251e-05 -4.9896761715869579e-04 3.2422129711073881e-05
 -1.1515648673281252e-04 -4.5268252122091955e-04 3.6895978171794369e-05
 -2.5299843841209134e-04 -2.5299843841209118e-04 4.7907826854392878e-05
 -4.3340603197904035e-04 1.0959100680672955e-04 5.0139316667898042e-05
 1.0669378374416420e-04 -5.4434019187287461e-05 6.6710543945626636e-05
 -7.9178377335821341e-05 -4.3776904714468818e-04 6.8850255365205117e-05
 -1.5651757787499111e-04 -8.3703852288481392e-04 6.2416838077250210e-05
 -4.0465769835923280e-05 -1.0330854908566682e-03 5.6550933589420254e-05
 1.2000745296815557e-04 -8.4861086572366731e-04 4.9506455341525109e-05
 1.0959100680672953e-04 -4.3340603197904008e-04 5.0139316667897039e-05
 -5.1106873325183175e-05 -5.1106873325183033e-05 5.9629444511819159e-05
