 2.0000000000000000e+00 0.0000000000000000e+00 0.0000000000000000e+00
 4.0000000000000000e+02 0.0000000000000000e+00 0.0000000000000000e+00
 1.0000000000000000e+03 0.0000000000000000e+00 0.0000000000000000e+00
 7.3856831610445051e-01 0.0000000000000000e+00 0.0000000000000000e+00
 1.0000000000000000e+01 0.0000000000000000e+00 0.0000000000000000e+00
 3.0000000000000000e+00 0.0000000000000000e+00 0.0000000000000000e+00
 9.3305981718253580e-04 -2.4133978277886131e-03 0.0000000000000000e+00
 6.6500000000000000e+01 6.6500000000000000e+01 2.0000000000000000e+02
 4.5500000000000000e+01 4.5500000000000000e+01 1.8000000000000000e+02
 0.0000000000000000e+00 0.0000000000000000e+00 0.0000000000000000e+00
 7.0000000000000000e+00 0.0000000000000000e+00 0.0000000000000000e+00
 1.4000000000000000e+01 0.0000000000000000e+00 0.0000000000000000e+00
 2.1000000000000000e+01 0.0000000000000000e+00 0.0000000000000000e+00
 2.8000000000000000e+01 0.0000000000000000e+00 0.0000000000000000e+00
 3.5000000000000000e+01 0.0000000000000000e+00 0.0000000000000000e+00
 4.2000000000000000e+01 0.0000000000000000e+00 0.0000000000000000e+00
 4.9000000000000000e+01 0.0000000000000000e+00 0.0000000000000000e+00
 5.6000000000000000e+01 0.0000000000000000e+00 0.0000000000000000e+00
 6.3000000000000000e+01 0.0000000000000000e+00 0.0000000000000000e+00
 7.0000000000000000e+01 0.0000000000000000e+00 0.0000000000000000e+00
 7.7000000000000000e+01 0.0000000000000000e+00 0.0000000000000000e+00
 8.4000000000000000e+01 0.0000000000000000e+00 0.0000000000000000e+00
 9.1000000000000000e+01 0.0000000000000000e+00 0.0000000000000000e+00
 9.8000000000000000e+01 0.0000000000000000e+00 0.0000000000000000e+00
 1.0500000000000000e+02 0.0000000000000000e+00 0.0000000000000000e+00
 1.1200000000000000e+02 0.0000000000000000e+00 0.0000000000000000e+00
 1.1900000000000000e+02 0.0000000000000000e+00 0.0000000000000000e+00
 1.2600000000000000e+02 0.0000000000000000e+00 0.0000000000000000e+00
 1.3300000000000000e+02 0.0000000000000000e+00 0.0000000000000000e+00
 0.0000000000000000e+00 7.0000000000000000e+00 0.0000000000000000e+00
 7.0000000000000000e+00 7.0000000000000000e+00 0.0000000000000000e+00
 1.4000000000000000e+01 7.0000000000000000e+00 0.0000000000000000e+00
 2.1000000000000000e+01 7.0000000000000000e+00 0.0000000000000000e+00
 2.8000000000000000e+01 7.0000000000000000e+00 0.0000000000000000e+00
 3.5000000000000000e+01 7.0000000000000000e+00 0.0000000000000000e+00
 4.2000000000000000e+01 7.0000000000000000e+00 0.0000000000000000e+00
 4.9000000000000000e+01 7.0000000000000000e+00 0.0000000000000000e+00
 5.6000000000000000e+01 7.0000000000000000e+00 0.0000000000000000e+00
 6.3000000000000000e+01 7.0000000000000000e+00 0.0000000000000000e+00
 7.0000000000000000e+01 7.0000000000000000e+00 0.0000000000000000e+00
 7.7000000000000000e+01 7.0000000000000000e+00 0.0000000000000000e+00
 8.4000000000000000e+01 7.0000000000000000e+00 0.0000000000000000e+00
 9.1000000000000000e+01 7.0000000000000000e+00 0.0000000000000000e+00
 9.8000000000000000e+01 7.0000000000000000e+00 0.0000000000000000e+00
 1.0500000000000000e+02 7.0000000000000000e+00 0.0000000000000000e+00
 1.1200000000000000e+02 7.0000000000000000e+00 0.0000000000000000e+00
 1.1900000000000000e+02 7.0000000000000000e+00 0.0000000000000000e+00
 1.2600000000000000e+02 7.0000000000000000e+00 0.0000000000000000e+00
 1.3300000000000000e+02 7.0000000000000000e+00 0.0000000000000000e+00
 0.0000000000000000e+00 1.4000000000000000e+01 0.0000000000000000e+00
 7.0000000000000000e+00 1.4000000000000000e+01 0.0000000000000000e+00
 1.4000000000000000e+01 1.4000000000000000e+01 0.0000000000000000e+00
 2.1000000000000000e+01 1.4000000000000000e+01 0.0000000000000000e+00
 2.8000000000000000e+01 1.4000000000000000e+01 0.0000000000000000e+00
 3.5000000000000000e+01 1.4000000000000000e+01 0.0000000000000000e+00
 4.2000000000000000e+01 1.4000000000000000e+01 0.0000000000000000e+00
 4.9000000000000000e+01 1.4000000000000000e+01 0.0000000000000000e+00
 5.6000000000000000e+01 1.4000000000000000e+01 0.0000000000000000e+00
 6.3000000000000000e+01 1.4000000000000000e+01 0.0000000000000000e+00
 7.0000000000000000e+01 1.4000000000000000e+01 0.0000000000000000e+00
 7.7000000000000000e+01 1.4000000000000000e+01 0.0000000000000000e+00
 8.4000000000000000e+01 1.4000000000000000e+01 0.0000000000000000e+00
 9.1000000000000000e+01 1.4000000000000000e+01 0.0000000000000000e+00
 9.8000000000000000e+01 1.4000000000000000e+01 0.0000000000000000e+00
 1.0500000000000000e+02 1.4000000000000000e+01 0.0000000000000000e+00
 1.1200000000000000e+02 1.4000000000000000e+01 0.0000000000000000e+00
 1.1900000000000000e+02 1.4000000000000000e+01 0.0000000000000000e+00
 1.2600000000000000e+02 1.4000000000000000e+01 0.0000000000000000e+00
 1.3300000000000000e+02 1.4000000000000000e+01 0.0000000000000000e+00
 0.0000000000000000e+00 2.1000000000000000e+01 0.0000000000000000e+00
 7.0000000000000000e+00 2.1000000000000000e+01 0.0000000000000000e+00
 1.4000000000000000e+01 2.1000000000000000e+01 0.0000000000000000e+00
 2.1000000000000000e+01 2.1000000000000000e+01 0.0000000000000000e+00
 2.8000000000000000e+01 2.1000000000000000e+01 0.0000000000000000e+00
 3.5000000000000000e+01 2.1000000000000000e+01 0.0000000000000000e+00
 4.2000000000000000e+01 2.1000000000000000e+01 0.0000000000000000e+00
 4.9000000000000000e+01 2.1000000000000000e+01 0.0000000000000000e+00
 5.6000000000000000e+01 2.1000000000000000e+01 0.0000000000000000e+00
 6.3000000000000000e+01 2.1000000000000000e+01 0.0000000000000000e+00
 7.0000000000000000e+01 2.1000000000000000e+01 0.0000000000000000e+00
 7.7000000000000000e+01 2.1000000000000000e+01 0.0000000000000000e+00
 8.4000000000000000e+01 2.1000000000000000e+01 0.0000000000000000e+00
 9.1000000000000000e+01 2.1000000000000000e+01 0.0000000000000000e+00
 9.8000000000000000e+01 2.1000000000000000e+01 0.0000000000000000e+00
 1.0500000000000000e+02 2.1000000000000000e+01 0.0000000000000000e+00
 1.1200000000000000e+02 2.1000000000000000e+01 0.0000000000000000e+00
 1.1900000000000000e+02 2.1000000000000000e+01 0.0000000000000000e+00
 1.2600000000000000e+02 2.1000000000000000e+01 0.0000000000000000e+00
 1.3300000000000000e+02 2.1000000000000000e+01 0.0000000000000000e+00
 0.0000000000000000e+00 2.8000000000000000e+01 0.0000000000000000e+00
 7.0000000000000000e+00 2.8000000000000000e+01 0.0000000000000000e+00
 1.4000000000000000e+01 2.8000000000000000e+01 0.0000000000000000e+00
 2.1000000000000000e+01 2.8000000000000000e+01 0.0000000000000000e+00
 2.8000000000000000e+01 2.8000000000000000e+01 0.0000000000000000e+00
 3.5000000000000000e+01 2.8000000000000000e+01 0.0000000000000000e+00
 4.2000000000000000e+01 2.8000000000000000e+01 0.0000000000000000e+00
 4.9000000000000000e+01 2.8000000000000000e+01 0.0000000000000000e+00
 5.6000000000000000e+01 2.8000000000000000e+01 0.0000000000000000e+00
 6.3000000000000000e+01 2.8000000000000000e+01 0.0000000000000000e+00
 7.0000000000000000e+01 2.8000000000000000e+01 0.0000000000000000e+00
 7.7000000000000000e+01 2.8000000000000000e+01 0.0000000000000000e+00
 8.4000000000000000e+01 2.8000000000000000e+01 0.0000000000000000e+00
 9.1000000000000000e+01 2.8000000000000000e+01 0.0000000000000000e+00
 9.8000000000000000e+01 2.8000000000000000e+01 0.0000000000000000e+00
 1.0500000000000000e+02 2.8000000000000000e+01 0.0000000000000000e+00
 1.1200000000000000e+02 2.8000000000000000e+01 0.0000000000000000e+00
 1.1900000000000000e+02 2.8000000000000000e+01 0.0000000000000000e+00
 1.2600000000000000e+02 2.8000000000000000e+01 0.0000000000000000e+00
 1.3300000000000000e+02 2.8000000000000000e+01 0.0000000000000000e+00
 0.0000000000000000e+00 3.5000000000000000e+01 0.0000000000000000e+00
 7.0000000000000000e+00 3.5000000000000000e+01 0.0000000000000000e+00
 1.4000000000000000e+01 3.5000000000000000e+01 0.0000000000000000e+00
 2.1000000000000000e+01 3.5000000000000000e+01 0.0000000000000000e+00
 2.8000000000000000e+01 3.5000000000000000e+01 0.0000000000000000e+00
 3.5000000000000000e+01 3.5000000000000000e+01 0.0000000000000000e+00
 4.2000000000000000e+01 3.5000000000000000e+01 0.0000000000000000e+00
 4.9000000000000000e+01 3.5000000000000000e+01 0.0000000000000000e+00
 5.6000000000000000e+01 3.5000000000000000e+01 0.0000000000000000e+00
 6.3000000000000000e+01 3.5000000000000000e+01 0.0000000000000000e+00
 7.0000000000000000e+01 3.5000000000000000e+01 0.0000000000000000e+00
 7.7000000000000000e+01 3.5000000000000000e+01 0.0000000000000000e+00
 8.4000000000000000e+01 3.5000000000000000e+01 0.0000000000000000e+00
 9.1000000000000000e+01 3.5000000000000000e+01 0.0000000000000000e+00
 9.8000000000000000e+01 3.5000000000000000e+01 0.0000000000000000e+00
 1.0500000000000000e+02 3.5000000000000000e+01 0.0000000000000000e+00
 1.1200000000000000e+02 3.5000000000000000e+01 0.0000000000000000e+00
 1.1900000000000000e+02 3.5000000000000000e+01 0.0000000000000000e+00
 1.2600000000000000e+02 3.5000000000000000e+01 0.0000000000000000e+00
 1.3300000000000000e+02 3.5000000000000000e+01 0.0000000000000000e+00
 0.0000000000000000e+00 4.2000000000000000e+01 0.0000000000000000e+00
 7.0000000000000000e+00 4.2000000000000000e+01 0.0000000000000000e+00
 1.4000000000000000e+01 4.2000000000000000e+01 0.0000000000000000e+00
 2.1000000000000000e+01 4.2000000000000000e+01 0.0000000000000000e+00
 2.8000000000000000e+01 4.2000000000000000e+01 0.0000000000000000e+00
 3.5000000000000000e+01 4.2000000000000000e+01 0.0000000000000000e+00
 4.2000000000000000e+01 4.2000000000000000e+01 0.0000000000000000e+00
 4.9000000000000000e+01 4.2000000000000000e+01 0.0000000000000000e+00
 5.6000000000000000e+01 4.2000000000000000e+01 0.0000000000000000e+00
 6.3000000000000000e+01 4.2000000000000000e+01 0.0000000000000000e+00
 7.0000000000000000e+01 4.2000000000000000e+01 0.0000000000000000e+00
 7.7000000000000000e+01 4.2000000000000000e+01 0.0000000000000000e+00
 8.4000000000000000e+01 4.2000000000000000e+01 0.0000000000000000e+00
 9.1000000000000000e+01 4.2000000000000000e+01 0.0000000000000000e+00
 9.8000000000000000e+01 4.2000000000000000e+01 0.0000000000000000e+00
 1.0500000000000000e+02 4.2000000000000000e+01 0.0000000000000000e+00
 1.1200000000000000e+02 4.2000000000000000e+01 0.0000000000000000e+00
 1.1900000000000000e+02 4.2000000000000000e+01 0.0000000000000000e+00
 1.2600000000000000e+02 4.2000000000000000e+01 0.0000000000000000e+00
 1.3300000000000000e+02 4.2000000000000000e+01 0.0000000000000000e+00
 0.0000000000000000e+00 4.9000000000000000e+01 0.0000000000000000e+00
 7.0000000000000000e+00 4.9000000000000000e+01 0.0000000000000000e+00
 1.4000000000000000e+01 4.9000000000000000e+01 0.0000000000000000e+00
 2.1000000000000000e+01 4.9000000000000000e+01 0.0000000000000000e+00
 2.8000000000000000e+01 4.9000000000000000e+01 0.0000000000000000e+00
 3.5000000000000000e+01 4.9000000000000000e+01 0.0000000000000000e+00
 4.2000000000000000e+01 4.9000000000000000e+01 0.0000000000000000e+00
 4.9000000000000000e+01 4.9000000000000000e+01 0.0000000000000000e+00
 5.6000000000000000e+01 4.9000000000000000e+01 0.0000000000000000e+00
 6.3000000000000000e+01 4.9000000000000000e+01 0.0000000000000000e+00
 7.0000000000000000e+01 4.9000000000000000e+01 0.0000000000000000e+00
 7.7000000000000000e+01 4.9000000000000000e+01 0.0000000000000000e+00
 8.4000000000000000e+01 4.9000000000000000e+01 0.0000000000000000e+00
 9.1000000000000000e+01 4.9000000000000000e+01 0.0000000000000000e+00
 9.8000000000000000e+01 4.9000000000000000e+01 0.0000000000000000e+00
 1.0500000000000000e+02 4.9000000000000000e+01 0.0000000000000000e+00
 1.1200000000000000e+02 4.9000000000000000e+01 0.0000000000000000e+00
 1.1900000000000000e+02 4.9000000000000000e+01 0.0000000000000000e+00
 1.2600000000000000e+02 4.9000000000000000e+01 0.0000000000000000e+00
 1.3300000000000000e+02 4.9000000000000000e+01 0.0000000000000000e+00
 0.0000000000000000e+00 5.6000000000000000e+01 0.0000000000000000e+00
 7.0000000000000000e+00 5.6000000000000000e+01 0.0000000000000000e+00
 1.4000000000000000e+01 5.6000000000000000e+01 0.0000000000000000e+00
 2.1000000000000000e+01 5.6000000000000000e+01 0.0000000000000000e+00
 2.8000000000000000e+01 5.6000000000000000e+01 0.0000000000000000e+00
 3.5000000000000000e+01 5.6000000000000000e+01 0.0000000000000000e+00
 4.2000000000000000e+01 5.6000000000000000e+01 0.0000000000000000e+00
 4.9000000000000000e+01 5.6000000000000000e+01 0.0000000000000000e+00
 5.6000000000000000e+01 5.6000000000000000e+01 0.0000000000000000e+00
 6.3000000000000000e+01 5.6000000000000000e+01 0.0000000000000000e+00
 7.0000000000000000e+01 5.6000000000000000e+01 0.0000000000000000e+00
 7.7000000000000000e+01 5.6000000000000000e+01 0.0000000000000000e+00
 8.4000000000000000e+01 5.6000000000000000e+01 0.0000000000000000e+00
 9.1000000000000000e+01 5.6000000000000000e+01 0.0000000000000000e+00
 9.8000000000000000e+01 5.6000000000000000e+01 0.0000000000000000e+00
 1.0500000000000000e+02 5.6000000000000000e+01 0.0000000000000000e+00
 1.1200000000000000e+02 5.6000000000000000e+01 0.0000000000000000e+00
 1.1900000000000000e+02 5.6000000000000000e+01 0.0000000000000000e+00
 1.2600000000000000e+02 5.6000000000000000e+01 0.0000000000000000e+00
 1.3300000000000000e+02 5.6000000000000000e+01 0.0000000000000000e+00
 0.0000000000000000e+00 6.3000000000000000e+01 0.0000000000000000e+00
 7.0000000000000000e+00 6.3000000000000000e+01 0.0000000000000000e+00
 1.4000000000000000e+01 6.3000000000000000e+01 0.0000000000000000e+00
 2.1000000000000000e+01 6.3000000000000000e+01 0.0000000000000000e+00
 2.8000000000000000e+01 6.3000000000000000e+01 0.0000000000000000e+00
 3.5000000000000000e+01 6.3000000000000000e+01 0.0000000000000000e+00
 4.2000000000000000e+01 6.3000000000000000e+01 0.0000000000000000e+00
 4.9000000000000000e+01 6.3000000000000000e+01 0.0000000000000000e+00
 5.6000000000000000e+01 6.3000000000000000e+01 0.0000000000000000e+00
 6.3000000000000000e+01 6.3000000000000000e+01 0.0000000000000000e+00
 7.0000000000000000e+01 6.3000000000000000e+01 0.0000000000000000e+00
 7.7000000000000000e+01 6.3000000000000000e+01 0.0000000000000000e+00
 8.4000000000000000e+01 6.3000000000000000e+01 0.0000000000000000e+00
 9.1000000000000000e+01 6.3000000000000000e+01 0.0000000000000000e+00
 9.8000000000000000e+01 6.3000000000000000e+01 0.0000000000000000e+00
 1.0500000000000000e+02 6.3000000000000000e+01 0.0000000000000000e+00
 1.1200000000000000e+02 6.3000000000000000e+01 0.0000000000000000e+00
 1.1900000000000000e+02 6.3000000000000000e+01 0.0000000000000000e+00
 1.2600000000000000e+02 6.3000000000000000e+01 0.0000000000000000e+00
 1.3300000000000000e+02 6.3000000000000000e+01 0.0000000000000000e+00
 0.0000000000000000e+00 7.0000000000000000e+01 0.0000000000000000e+00
 7.0000000000000000e+00 7.0000000000000000e+01 0.0000000000000000e+00
 1.4000000000000000e+01 7.0000000000000000e+01 0.0000000000000000e+00
 2.1000000000000000e+01 7.0000000000000000e+01 0.0000000000000000e+00
 2.8000000000000000e+01 7.0000000000000000e+01 0.0000000000000000e+00
 3.5000000000000000e+01 7.0000000000000000e+01 0.0000000000000000e+00
 4.2000000000000000e+01 7.0000000000000000e+01 0.0000000000000000e+00
 4.9000000000000000e+01 7.0000000000000000e+01 0.0000000000000000e+00
 5.6000000000000000e+01 7.0000000000000000e+01 0.0000000000000000e+00
 6.3000000000000000e+01 7.0000000000000000e+01 0.0000000000000000e+00
 7.0000000000000000e+01 7.0000000000000000e+01 0.0000000000000000e+00
 7.7000000000000000e+01 7.0000000000000000e+01 0.0000000000000000e+00
 8.4000000000000000e+01 7.0000000000000000e+01 0.0000000000000000e+00
 9.1000000000000000e+01 7.0000000000000000e+01 0.0000000000000000e+00
 9.8000000000000000e+01 7.0000000000000000e+01 0.0000000000000000e+00
 1.0500000000000000e+02 7.0000000000000000e+01 0.0000000000000000e+00
 1.1200000000000000e+02 7.0000000000000000e+01 0.0000000000000000e+00
 1.1900000000000000e+02 7.0000000000000000e+01 0.0000000000000000e+00
 1.2600000000000000e+02 7.0000000000000000e+01 0.0000000000000000e+00
 1.3300000000000000e+02 7.0000000000000000e+01 0.0000000000000000e+00
 0.0000000000000000e+00 7.7000000000000000e+01 0.0000000000000000e+00
 7.0000000000000000e+00 7.7000000000000000e+01 0.0000000000000000e+00
 1.4000000000000000e+01 7.7000000000000000e+01 0.0000000000000000e+00
 2.1000000000000000e+01 7.7000000000000000e+01 0.0000000000000000e+00
 2.8000000000000000e+01 7.7000000000000000e+01 0.0000000000000000e+00
 3.5000000000000000e+01 7.7000000000000000e+01 0.0000000000000000e+00
 4.2000000000000000e+01 7.7000000000000000e+01 0.0000000000000000e+00
 4.9000000000000000e+01 7.7000000000000000e+01 0.0000000000000000e+00
 5.6000000000000000e+01 7.7000000000000000e+01 0.0000000000000000e+00
 6.3000000000000000e+01 7.7000000000000000e+01 0.0000000000000000e+00
 7.0000000000000000e+01 7.7000000000000000e+01 0.0000000000000000e+00
 7.7000000000000000e+01 7.7000000000000000e+01 0.0000000000000000e+00
 8.4000000000000000e+01 7.7000000000000000e+01 0.0000000000000000e+00
 9.1000000000000000e+01 7.7000000000000000e+01 0.0000000000000000e+00
 9.8000000000000000e+01 7.7000000000000000e+01 0.0000000000000000e+00
 1.0500000000000000e+02 7.7000000000000000e+01 0.0000000000000000e+00
 1.1200000000000000e+02 7.7000000000000000e+01 0.0000000000000000e+00
 1.1900000000000000e+02 7.7000000000000000e+01 0.0000000000000000e+00
 1.2600000000000000e+02 7.7000000000000000e+01 0.0000000000000000e+00
 1.3300000000000000e+02 7.7000000000000000e+01 0.0000000000000000e+00
 0.0000000000000000e+00 8.4000000000000000e+01 0.0000000000000000e+00
 7.0000000000000000e+00 8.4000000000000000e+01 0.0000000000000000e+00
 1.4000000000000000e+01 8.4000000000000000e+01 0.0000000000000000e+00
 2.1000000000000000e+01 8.4000000000000000e+01 0.0000000000000000e+00
 2.8000000000000000e+01 8.4000000000000000e+01 0.0000000000000000e+00
 3.5000000000000000e+01 8.4000000000000000e+01 0.0000000000000000e+00
 4.2000000000000000e+01 8.4000000000000000e+01 0.0000000000000000e+00
 4.9000000000000000e+01 8.4000000000000000e+01 0.0000000000000000e+00
 5.6000000000000000e+01 8.4000000000000000e+01 0.0000000000000000e+00
 6.3000000000000000e+01 8.4000000000000000e+01 0.0000000000000000e+00
 7.0000000000000000e+01 8.4000000000000000e+01 0.0000000000000000e+00
 7.7000000000000000e+01 8.4000000000000000e+01 0.0000000000000000e+00
 8.4000000000000000e+01 8.4000000000000000e+01 0.0000000000000000e+00
 9.1000000000000000e+01 8.4000000000000000e+01 0.0000000000000000e+00
 9.8000000000000000e+01 8.4000000000000000e+01 0.0000000000000000e+00
 1.0500000000000000e+02 8.4000000000000000e+01 0.0000000000000000e+00
 1.1200000000000000e+02 8.4000000000000000e+01 0.0000000000000000e+00
 1.1900000000000000e+02 8.4000000000000000e+01 0.0000000000000000e+00
 1.2600000000000000e+02 8.4000000000000000e+01 0.0000000000000000e+00
 1.3300000000000000e+02 8.4000000000000000e+01 0.0000000000000000e+00
 0.0000000000000000e+00 9.1000000000000000e+01 0.0000000000000000e+00
 7.0000000000000000e+00 9.1000000000000000e+01 0.0000000000000000e+00
 1.4000000000000000e+01 9.1000000000000000e+01 0.0000000000000000e+00
 2.1000000000000000e+01 9.1000000000000000e+01 0.0000000000000000e+00
 2.8000000000000000e+01 9.1000000000000000e+01 0.0000000000000000e+00
 3.5000000000000000e+01 9.1000000000000000e+01 0.0000000000000000e+00
 4.2000000000000000e+01 9.1000000000000000e+01 0.0000000000000000e+00
 4.9000000000000000e+01 9.1000000000000000e+01 0.0000000000000000e+00
 5.6000000000000000e+01 9.1000000000000000e+01 0.0000000000000000e+00
 6.3000000000000000e+01 9.1000000000000000e+01 0.0000000000000000e+00
 7.0000000000000000e+01 9.1000000000000000e+01 0.0000000000000000e+00
 7.7000000000000000e+01 9.1000000000000000e+01 0.0000000000000000e+00
 8.4000000000000000e+01 9.1000000000000000e+01 0.0000000000000000e+00
 9.1000000000000000e+01 9.1000000000000000e+01 0.0000000000000000e+00
 9.8000000000000000e+01 9.1000000000000000e+01 0.0000000000000000e+00
 1.0500000000000000e+02 9.1000000000000000e+01 0.0000000000000000e+00
 1.1200000000000000e+02 9.1000000000000000e+01 0.0000000000000000e+00
 1.1900000000000000e+02 9.1000000000000000e+01 0.0000000000000000e+00
 1.2600000000000000e+02 9.1000000000000000e+01 0.0000000000000000e+00
 1.3300000000000000e+02 9.1000000000000000e+01 0.0000000000000000e+00
 0.0000000000000000e+00 9.8000000000000000e+01 0.0000000000000000e+00
 7.0000000000000000e+00 9.8000000000000000e+01 0.0000000000000000e+00
 1.4000000000000000e+01 9.8000000000000000e+01 0.0000000000000000e+00
 2.1000000000000000e+01 9.8000000000000000e+01 0.0000000000000000e+00
 2.8000000000000000e+01 9.8000000000000000e+01 0.0000000000000000e+00
 3.5000000000000000e+01 9.8000000000000000e+01 0.0000000000000000e+00
 4.2000000000000000e+01 9.8000000000000000e+01 0.0000000000000000e+00
 4.9000000000000000e+01 9.8000000000000000e+01 0.0000000000000000e+00
 5.6000000000000000e+01 9.8000000000000000e+01 0.0000000000000000e+00
 6.3000000000000000e+01 9.8000000000000000e+01 0.0000000000000000e+00
 7.0000000000000000e+01 9.8000000000000000e+01 0.0000000000000000e+00
 7.7000000000000000e+01 9.8000000000000000e+01 0.0000000000000000e+00
 8.4000000000000000e+01 9.8000000000000000e+01 0.0000000000000000e+00
 9.1000000000000000e+01 9.8000000000000000e+01 0.0000000000000000e+00
 9.8000000000000000e+01 9.8000000000000000e+01 0.0000000000000000e+00
 1.0500000000000000e+02 9.8000000000000000e+01 0.0000000000000000e+00
 1.1200000000000000e+02 9.8000000000000000e+01 0.0000000000000000e+00
 1.1900000000000000e+02 9.8000000000000000e+01 0.0000000000000000e+00
 1.2600000000000000e+02 9.8000000000000000e+01 0.0000000000000000e+00
 1.3300000000000000e+02 9.8000000000000000e+01 0.0000000000000000e+00
 0.0000000000000000e+00 1.0500000000000000e+02 0.0000000000000000e+00
 7.0000000000000000e+00 1.0500000000000000e+02 0.0000000000000000e+00
 1.4000000000000000e+01 1.0500000000000000e+02 0.0000000000000000e+00
 2.1000000000000000e+01 1.0500000000000000e+02 0.0000000000000000e+00
 2.8000000000000000e+01 1.0500000000000000e+02 0.0000000000000000e+00
 3.5000000000000000e+01 1.0500000000000000e+02 0.0000000000000000e+00
 4.2000000000000000e+01 1.0500000000000000e+02 0.0000000000000000e+00
 4.9000000000000000e+01 1.0500000000000000e+02 0.0000000000000000e+00
 5.6000000000000000e+01 1.0500000000000000e+02 0.0000000000000000e+00
 6.3000000000000000e+01 1.0500000000000000e+02 0.0000000000000000e+00
 7.0000000000000000e+01 1.0500000000000000e+02 0.0000000000000000e+00
 7.7000000000000000e+01 1.0500000000000000e+02 0.0000000000000000e+00
 8.4000000000000000e+01 1.0500000000000000e+02 0.0000000000000000e+00
 9.1000000000000000e+01 1.0500000000000000e+02 0.0000000000000000e+00
 9.8000000000000000e+01 1.0500000000000000e+02 0.0000000000000000e+00
 1.0500000000000000e+02 1.0500000000000000e+02 0.0000000000000000e+00
 1.1200000000000000e+02 1.0500000000000000e+02 0.0000000000000000e+00
 1.1900000000000000e+02 1.0500000000000000e+02 0.0000000000000000e+00
 1.2600000000000000e+02 1.0500000000000000e+02 0.0000000000000000e+00
 1.3300000000000000e+02 1.0500000000000000e+02 0.0000000000000000e+00
 0.0000000000000000e+00 1.1200000000000000e+02 0.0000000000000000e+00
 7.0000000000000000e+00 1.1200000000000000e+02 0.0000000000000000e+00
 1.4000000000000000e+01 1.1200000000000000e+02 0.0000000000000000e+00
 2.1000000000000000e+01 1.1200000000000000e+02 0.0000000000000000e+00
 2.8000000000000000e+01 1.1200000000000000e+02 0.0000000000000000e+00
 3.5000000000000000e+01 1.1200000000000000e+02 0.0000000000000000e+00
 4.2000000000000000e+01 1.1200000000000000e+02 0.0000000000000000e+00
 4.9000000000000000e+01 1.1200000000000000e+02 0.0000000000000000e+00
 5.6000000000000000e+01 1.1200000000000000e+02 0.0000000000000000e+00
 6.3000000000000000e+01 1.1200000000000000e+02 0.0000000000000000e+00
 7.0000000000000000e+01 1.1200000000000000e+02 0.0000000000000000e+00
 7.7000000000000000e+01 1.1200000000000000e+02 0.0000000000000000e+00
 8.4000000000000000e+01 1.1200000000000000e+02 0.0000000000000000e+00
 9.1000000000000000e+01 1.1200000000000000e+02 0.0000000000000000e+00
 9.8000000000000000e+01 1.1200000000000000e+02 0.0000000000000000e+00
 1.0500000000000000e+02 1.1200000000000000e+02 0.0000000000000000e+00
 1.1200000000000000e+02 1.1200000000000000e+02 0.0000000000000000e+00
 1.1900000000000000e+02 1.1200000000000000e+02 0.0000000000000000e+00
 1.2600000000000000e+02 1.1200000000000000e+02 0.0000000000000000e+00
 1.3300000000000000e+02 1.1200000000000000e+02 0.0000000000000000e+00
 0.0000000000000000e+00 1.1900000000000000e+02 0.0000000000000000e+00
 7.0000000000000000e+00 1.1900000000000000e+02 0.0000000000000000e+00
 1.4000000000000000e+01 1.1900000000000000e+02 0.0000000000000000e+00
 2.1000000000000000e+01 1.1900000000000000e+02 0.0000000000000000e+00
 2.8000000000000000e+01 1.1900000000000000e+02 0.0000000000000000e+00
 3.5000000000000000e+01 1.1900000000000000e+02 0.0000000000000000e+00
 4.2000000000000000e+01 1.1900000000000000e+02 0.0000000000000000e+00
 4.9000000000000000e+01 1.1900000000000000e+02 0.0000000000000000e+00
 5.6000000000000000e+01 1.1900000000000000e+02 0.0000000000000000e+00
 6.3000000000000000e+01 1.1900000000000000e+02 0.0000000000000000e+00
 7.0000000000000000e+01 1.1900000000000000e+02 0.0000000000000000e+00
 7.7000000000000000e+01 1.1900000000000000e+02 0.0000000000000000e+00
 8.4000000000000000e+01 1.1900000000000000e+02 0.0000000000000000e+00
 9.1000000000000000e+01 1.1900000000000000e+02 0.0000000000000000e+00
 9.8000000000000000e+01 1.1900000000000000e+02 0.0000000000000000e+00
 1.0500000000000000e+02 1.1900000000000000e+02 0.0000000000000000e+00
 1.1200000000000000e+02 1.1900000000000000e+02 0.0000000000000000e+00
 1.1900000000000000e+02 1.1900000000000000e+02 0.0000000000000000e+00
 1.2600000000000000e+02 1.1900000000000000e+02 0.0000000000000000e+00
 1.3300000000000000e+02 1.1900000000000000e+02 0.0000000000000000e+00
 0.0000000000000000e+00 1.2600000000000000e+02 0.0000000000000000e+00
 7.0000000000000000e+00 1.2600000000000000e+02 0.0000000000000000e+00
 1.4000000000000000e+01 1.2600000000000000e+02 0.0000000000000000e+00
 2.1000000000000000e+01 1.2600000000000000e+02 0.0000000000000000e+00
 2.8000000000000000e+01 1.2600000000000000e+02 0.0000000000000000e+00
 3.5000000000000000e+01 1.2600000000000000e+02 0.0000000000000000e+00
 4.2000000000000000e+01 1.2600000000000000e+02 0.0000000000000000e+00
 4.9000000000000000e+01 1.2600000000000000e+02 0.0000000000000000e+00
 5.6000000000000000e+01 1.2600000000000000e+02 0.0000000000000000e+00
 6.3000000000000000e+01 1.2600000000000000e+02 0.0000000000000000e+00
 7.0000000000000000e+01 1.2600000000000000e+02 0.0000000000000000e+00
 7.7000000000000000e+01 1.2600000000000000e+02 0.0000000000000000e+00
 8.4000000000000000e+01 1.2600000000000000e+02 0.0000000000000000e+00
 9.1000000000000000e+01 1.2600000000000000e+02 0.0000000000000000e+00
 9.8000000000000000e+01 1.2600000000000000e+02 0.0000000000000000e+00
 1.0500000000000000e+02 1.2600000000000000e+02 0.0000000000000000e+00
 1.1200000000000000e+02 1.2600000000000000e+02 0.0000000000000000e+00
 1.1900000000000000e+02 1.2600000000000000e+02 0.0000000000000000e+00
 1.2600000000000000e+02 1.2600000000000000e+02 0.0000000000000000e+00
 1.3300000000000000e+02 1.2600000000000000e+02 0.0000000000000000e+00
 0.0000000000000000e+00 1.3300000000000000e+02 0.0000000000000000e+00
 7.0000000000000000e+00 1.3300000000000000e+02 0.0000000000000000e+00
 1.4000000000000000e+01 1.3300000000000000e+02 0.0000000000000000e+00
 2.1000000000000000e+01 1.3300000000000000e+02 0.0000000000000000e+00
 2.8000000000000000e+01 1.3300000000000000e+02 0.0000000000000000e+00
 3.5000000000000000e+01 1.3300000000000000e+02 0.0000000000000000e+00
 4.2000000000000000e+01 1.3300000000000000e+02 0.0000000000000000e+00
 4.9000000000000000e+01 1.3300000000000000e+02 0.0000000000000000e+00
 5.6000000000000000e+01 1.3300000000000000e+02 0.0000000000000000e+00
 6.3000000000000000e+01 1.3300000000000000e+02 0.0000000000000000e+00
 7.0000000000000000e+01 1.3300000000000000e+02 0.0000000000000000e+00
 7.7000000000000000e+01 1.3300000000000000e+02 0.0000000000000000e+00
 8.4000000000000000e+01 1.3300000000000000e+02 0.0000000000000000e+00
 9.1000000000000000e+01 1.3300000000000000e+02 0.0000000000000000e+00
 9.8000000000000000e+01 1.3300000000000000e+02 0.0000000000000000e+00
 1.0500000000000000e+02 1.3300000000000000e+02 0.0000000000000000e+00
 1.1200000000000000e+02 1.3300000000000000e+02 0.0000000000000000e+00
 1.1900000000000000e+02 1.3300000000000000e+02 0.0000000000000000e+00
 1.2600000000000000e+02 1.3300000000000000e+02 0.0000000000000000e+00
 1.3300000000000000e+02 1.3300000000000000e+02 0.0000000000000000e+00
 0.0000000000000000e+00 0.0000000000000000e+00 1.0000000000000000e+00
 0.0000000000000000e+00 0.0000000000000000e+00 1.0000000000000000e+00
 0.0000000000000000e+00 0.0000000000000000e+00 1.0000000000000000e+00
 0.0000000000000000e+00 0.0000000000000000e+00 1.0000000000000000e+00
 0.0000000000000000e+00 0.0000000000000000e+00 1.0000000000000000e+00
 0.0000000000000000e+00 0.0000000000000000e+00 1.0000000000000000e+00
 0.0000000000000000e+00 0.0000000000000000e+00 1.0000000000000000e+00
 0.0000000000000000e+00 0.0000000000000000e+00 1.0000000000000000e+00
 0.0000000000000000e+00 0.0000000000000000e+00 1.0000000000000000e+00
 0.0000000000000000e+00 0.0000000000000000e+00 1.0000000000000000e+00
 0.0000000000000000e+00 0.0000000000000000e+00 1.0000000000000000e+00
 0.0000000000000000e+00 0.0000000000000000e+00 1.0000000000000000e+00
 0.0000000000000000e+00 0.0000000000000000e+00 1.0000000000000000e+00
 0.0000000000000000e+00 0.0000000000000000e+00 1.0000000000000000e+00
 0.0000000000000000e+00 0.0000000000000000e+00 1.0000000000000000e+00
 0.0000000000000000e+00 0.0000000000000000e+00 1.0000000000000000e+00
 0.0000000000000000e+00 0.0000000000000000e+00 1.0000000000000000e+00
 0.0000000000000000e+00 0.0000000000000000e+00 1.0000000000000000e+00
 0.0000000000000000e+00 0.0000000000000000e+00 1.0000000000000000e+00
 0.0000000000000000e+00 0.0000000000000000e+00 1.0000000000000000e+00
 0.0000000000000000e+00 0.0000000000000000e+00 1.0000000000000000e+00
 0.0000000000000000e+00 0.0000000000000000e+00 1.0000000000000000e+00
 0.0000000000000000e+00 0.0000000000000000e+00 1.0000000000000000e+00
 0.0000000000000000e+00 0.0000000000000000e+00 1.0000000000000000e+00
 0.0000000000000000e+00 0.0000000000000000e+00 1.0000000000000000e+00
 0.0000000000000000e+00 0.0000000000000000e+00 1.0000000000000000e+00
 0.0000000000000000e+00 0.0000000000000000e+00 1.0000000000000000e+00
 0.0000000000000000e+00 0.0000000000000000e+00 1.0000000000000000e+00
 0.0000000000000000e+00 0.0000000000000000e+00 1.0000000000000000e+00
 0.0000000000000000e+00 0.0000000000000000e+00 1.0000000000000000e+00
 0.0000000000000000e+00 0.0000000000000000e+00 1.0000000000000000e+00
 0.0000000000000000e+00 0.0000000000000000e+00 1.0000000000000000e+00
 0.0000000000000000e+00 0.0000000000000000e+00 1.0000000000000000e+00
 0.0000000000000000e+00 0.0000000000000000e+00 1.0000000000000000e+00
 0.0000000000000000e+00 0.0000000000000000e+00 1.0000000000000000e+00
 0.0000000000000000e+00 0.0000000000000000e+00 1.0000000000000000e+00
 0.0000000000000000e+00 0.0000000000000000e+00 1.0000000000000000e+00
 0.0000000000000000e+00 0.0000000000000000e+00 1.0000000000000000e+00
 0.0000000000000000e+00 0.0000000000000000e+00 1.0000000000000000e+00
 0.0000000000000000e+00 0.0000000000000000e+00 1.0000000000000000e+00
 0.0000000000000000e+00 0.0000000000000000e+00 1.0000000000000000e+00
 0.0000000000000000e+00 0.0000000000000000e+00 1.0000000000000000e+00
 0.0000000000000000e+00 0.0000000000000000e+00 1.0000000000000000e+00
 0.0000000000000000e+00 0.0000000000000000e+00 1.0000000000000000e+00
 0.0000000000000000e+00 0.0000000000000000e+00 1.0000000000000000e+00
 0.0000000000000000e+00 0.0000000000000000e+00 1.0000000000000000e+00
 0.0000000000000000e+00 0.0000000000000000e+00 1.0000000000000000e+00
 0.0000000000000000e+00 0.0000000000000000e+00 1.0000000000000000e+00
 0.0000000000000000e+00 0.0000000000000000e+00 1.0000000000000000e+00
 0.0000000000000000e+00 0.0000000000000000e+00 1.0000000000000000e+00
 0.0000000000000000e+00 0.0000000000000000e+00 1.0000000000000000e+00
 0.0000000000000000e+00 0.0000000000000000e+00 1.0000000000000000e+00
 0.0000000000000000e+00 0.0000000000000000e+00 1.0000000000000000e+00
 0.0000000000000000e+00 0.0000000000000000e+00 1.0000000000000000e+00
 0.0000000000000000e+00 0.0000000000000000e+00 1.0000000000000000e+00
 0.0000000000000000e+00 0.0000000000000000e+00 1.0000000000000000e+00
 0.0000000000000000e+00 0.0000000000000000e+00 1.0000000000000000e+00
 0.0000000000000000e+00 0.0000000000000000e+00 1.0000000000000000e+00
 0.0000000000000000e+00 0.0000000000000000e+00 1.0000000000000000e+00
 0.0000000000000000e+00 0.0000000000000000e+00 1.0000000000000000e+00
 0.0000000000000000e+00 0.0000000000000000e+00 1.0000000000000000e+00
 0.0000000000000000e+00 0.0000000000000000e+00 1.0000000000000000e+00
 0.0000000000000000e+00 0.0000000000000000e+00 1.0000000000000000e+00
 0.0000000000000000e+00 0.0000000000000000e+00 1.0000000000000000e+00
 0.0000000000000000e+00 0.0000000000000000e+00 1.0000000000000000e+00
 0.0000000000000000e+00 0.0000000000000000e+00 1.0000000000000000e+00
 0.0000000000000000e+00 0.0000000000000000e+00 1.0000000000000000e+00
 0.0000000000000000e+00 0.0000000000000000e+00 1.0000000000000000e+00
 0.0000000000000000e+00 0.0000000000000000e+00 1.0000000000000000e+00
 0.0000000000000000e+00 0.0000000000000000e+00 1.0000000000000000e+00
 0.0000000000000000e+00 0.0000000000000000e+00 1.0000000000000000e+00
 0.0000000000000000e+00 0.0000000000000000e+00 1.0000000000000000e+00
 0.0000000000000000e+00 0.0000000000000000e+00 1.0000000000000000e+00
 0.0000000000000000e+00 0.0000000000000000e+00 1.0000000000000000e+00
 0.0000000000000000e+00 0.0000000000000000e+00 1.0000000000000000e+00
 0.0000000000000000e+00 0.0000000000000000e+00 1.0000000000000000e+00
 0.0000000000000000e+00 0.0000000000000000e+00 1.0000000000000000e+00
 0.0000000000000000e+00 0.0000000000000000e+00 1.0000000000000000e+00
 0.0000000000000000e+00 0.0000000000000000e+00 1.0000000000000000e+00
 0.0000000000000000e+00 0.0000000000000000e+00 1.0000000000000000e+00
 0.0000000000000000e+00 0.0000000000000000e+00 1.0000000000000000e+00
 0.0000000000000000e+00 0.0000000000000000e+00 1.0000000000000000e+00
 0.0000000000000000e+00 0.0000000000000000e+00 1.0000000000000000e+00
 0.0000000000000000e+00 0.0000000000000000e+00 1.0000000000000000e+00
 0.0000000000000000e+00 0.0000000000000000e+00 1.0000000000000000e+00
 0.0000000000000000e+00 0.0000000000000000e+00 1.0000000000000000e+00
 0.0000000000000000e+00 0.0000000000000000e+00 1.0000000000000000e+00
 0.0000000000000000e+00 0.0000000000000000e+00 1.0000000000000000e+00
 0.0000000000000000e+00 0.0000000000000000e+00 1.0000000000000000e+00
 0.0000000000000000e+00 0.0000000000000000e+00 1.0000000000000000e+00
 0.0000000000000000e+00 0.0000000000000000e+00 1.0000000000000000e+00
 0.0000000000000000e+00 0.0000000000000000e+00 1.0000000000000000e+00
 0.0000000000000000e+00 0.0000000000000000e+00 1.0000000000000000e+00
 0.0000000000000000e+00 0.0000000000000000e+00 1.0000000000000000e+00
 0.0000000000000000e+00 0.0000000000000000e+00 1.0000000000000000e+00
 0.0000000000000000e+00 0.0000000000000000e+00 1.0000000000000000e+00
 0.0000000000000000e+00 0.0000000000000000e+00 1.0000000000000000e+00
 0.0000000000000000e+00 0.0000000000000000e+00 1.0000000000000000e+00
 0.0000000000000000e+00 0.0000000000000000e+00 1.0000000000000000e+00
 0.0000000000000000e+00 0.0000000000000000e+00 1.0000000000000000e+00
 0.0000000000000000e+00 0.0000000000000000e+00 1.0000000000000000e+00
 0.0000000000000000e+00 0.0000000000000000e+00 1.0000000000000000e+00
 0.0000000000000000e+00 0.0000000000000000e+00 1.0000000000000000e+00
 0.0000000000000000e+00 0.0000000000000000e+00 1.0000000000000000e+00
 0.0000000000000000e+00 0.0000000000000000e+00 1.0000000000000000e+00
 0.0000000000000000e+00 0.0000000000000000e+00 1.0000000000000000e+00
 0.0000000000000000e+00 0.0000000000000000e+00 1.0000000000000000e+00
 0.0000000000000000e+00 0.0000000000000000e+00 1.0000000000000000e+00
 0.0000000000000000e+00 0.0000000000000000e+00 1.0000000000000000e+00
 0.0000000000000000e+00 0.0000000000000000e+00 1.0000000000000000e+00
 0.0000000000000000e+00 0.0000000000000000e+00 1.0000000000000000e+00
 0.0000000000000000e+00 0.0000000000000000e+00 1.0000000000000000e+00
 0.0000000000000000e+00 0.0000000000000000e+00 1.0000000000000000e+00
 0.0000000000000000e+00 0.0000000000000000e+00 1.0000000000000000e+00
 0.0000000000000000e+00 0.0000000000000000e+00 1.0000000000000000e+00
 0.0000000000000000e+00 0.0000000000000000e+00 1.0000000000000000e+00
 0.0000000000000000e+00 0.0000000000000000e+00 1.0000000000000000e+00
 0.0000000000000000e+00 0.0000000000000000e+00 1.0000000000000000e+00
 0.0000000000000000e+00 0.0000000000000000e+00 1.0000000000000000e+00
 0.0000000000000000e+00 0.0000000000000000e+00 1.0000000000000000e+00
 0.0000000000000000e+00 0.0000000000000000e+00 1.0000000000000000e+00
 0.0000000000000000e+00 0.0000000000000000e+00 1.0000000000000000e+00
 0.0000000000000000e+00 0.0000000000000000e+00 1.0000000000000000e+00
 0.0000000000000000e+00 0.0000000000000000e+00 1.0000000000000000e+00
 0.0000000000000000e+00 0.0000000000000000e+00 1.0000000000000000e+00
 0.0000000000000000e+00 0.0000000000000000e+00 1.0000000000000000e+00
 0.0000000000000000e+00 0.0000000000000000e+00 1.0000000000000000e+00
 0.0000000000000000e+00 0.0000000000000000e+00 1.0000000000000000e+00
 0.0000000000000000e+00 0.0000000000000000e+00 1.0000000000000000e+00
 0.0000000000000000e+00 0.0000000000000000e+00 1.0000000000000000e+00
 0.0000000000000000e+00 0.0000000000000000e+00 1.0000000000000000e+00
 0.0000000000000000e+00 0.0000000000000000e+00 1.0000000000000000e+00
 0.0000000000000000e+00 0.0000000000000000e+00 1.0000000000000000e+00
 0.0000000000000000e+00 0.0000000000000000e+00 1.0000000000000000e+00
 0.0000000000000000e+00 0.0000000000000000e+00 1.0000000000000000e+00
 0.0000000000000000e+00 0.0000000000000000e+00 1.0000000000000000e+00
 0.0000000000000000e+00 0.0000000000000000e+00 1.0000000000000000e+00
 0.0000000000000000e+00 0.0000000000000000e+00 1.0000000000000000e+00
 0.0000000000000000e+00 0.0000000000000000e+00 1.0000000000000000e+00
 0.0000000000000000e+00 0.0000000000000000e+00 1.0000000000000000e+00
 0.0000000000000000e+00 0.0000000000000000e+00 1.0000000000000000e+00
 0.0000000000000000e+00 0.0000000000000000e+00 1.0000000000000000e+00
 0.0000000000000000e+00 0.0000000000000000e+00 1.0000000000000000e+00
 0.0000000000000000e+00 0.0000000000000000e+00 1.0000000000000000e+00
 0.0000000000000000e+00 0.0000000000000000e+00 1.0000000000000000e+00
 0.0000000000000000e+00 0.0000000000000000e+00 1.0000000000000000e+00
 0.0000000000000000e+00 0.0000000000000000e+00 1.0000000000000000e+00
 0.0000000000000000e+00 0.0000000000000000e+00 1.0000000000000000e+00
 0.0000000000000000e+00 0.0000000000000000e+00 1.0000000000000000e+00
 0.0000000000000000e+00 0.0000000000000000e+00 1.0000000000000000e+00
 0.0000000000000000e+00 0.0000000000000000e+00 1.0000000000000000e+00
 0.0000000000000000e+00 0.0000000000000000e+00 1.0000000000000000e+00
 0.0000000000000000e+00 0.0000000000000000e+00 1.0000000000000000e+00
 0.0000000000000000e+00 0.0000000000000000e+00 1.0000000000000000e+00
 0.0000000000000000e+00 0.0000000000000000e+00 1.0000000000000000e+00
 0.0000000000000000e+00 0.0000000000000000e+00 1.0000000000000000e+00
 0.0000000000000000e+00 0.0000000000000000e+00 1.0000000000000000e+00
 0.0000000000000000e+00 0.0000000000000000e+00 1.0000000000000000e+00
 0.0000000000000000e+00 0.0000000000000000e+00 1.0000000000000000e+00
 0.0000000000000000e+00 0.0000000000000000e+00 1.0000000000000000e+00
 0.0000000000000000e+00 0.0000000000000000e+00 1.0000000000000000e+00
 0.0000000000000000e+00 0.0000000000000000e+00 1.0000000000000000e+00
 0.0000000000000000e+00 0.0000000000000000e+00 1.0000000000000000e+00
 0.0000000000000000e+00 0.0000000000000000e+00 1.0000000000000000e+00
 0.0000000000000000e+00 0.0000000000000000e+00 1.0000000000000000e+00
 0.0000000000000000e+00 0.0000000000000000e+00 1.0000000000000000e+00
 0.0000000000000000e+00 0.0000000000000000e+00 1.0000000000000000e+00
 0.0000000000000000e+00 0.0000000000000000e+00 1.0000000000000000e+00
 0.0000000000000000e+00 0.0000000000000000e+00 1.0000000000000000e+00
 0.0000000000000000e+00 0.0000000000000000e+00 1.0000000000000000e+00
 0.0000000000000000e+00 0.0000000000000000e+00 1.0000000000000000e+00
 0.0000000000000000e+00 0.0000000000000000e+00 1.0000000000000000e+00
 0.0000000000000000e+00 0.0000000000000000e+00 1.0000000000000000e+00
 0.0000000000000000e+00 0.0000000000000000e+00 1.0000000000000000e+00
 0.0000000000000000e+00 0.0000000000000000e+00 1.0000000000000000e+00
 0.0000000000000000e+00 0.0000000000000000e+00 1.0000000000000000e+00
 0.0000000000000000e+00 0.0000000000000000e+00 1.0000000000000000e+00
 0.0000000000000000e+00 0.0000000000000000e+00 1.0000000000000000e+00
 0.0000000000000000e+00 0.0000000000000000e+00 1.0000000000000000e+00
 0.0000000000000000e+00 0.0000000000000000e+00 1.0000000000000000e+00
 0.0000000000000000e+00 0.0000000000000000e+00 1.0000000000000000e+00
 0.0000000000000000e+00 0.0000000000000000e+00 1.0000000000000000e+00
 0.0000000000000000e+00 0.0000000000000000e+00 1.0000000000000000e+00
 0.0000000000000000e+00 0.0000000000000000e+00 1.0000000000000000e+00
 0.0000000000000000e+00 0.0000000000000000e+00 1.0000000000000000e+00
 0.0000000000000000e+00 0.0000000000000000e+00 1.0000000000000000e+00
 0.0000000000000000e+00 0.0000000000000000e+00 1.0000000000000000e+00
 0.0000000000000000e+00 0.0000000000000000e+00 1.0000000000000000e+00
 0.0000000000000000e+00 0.0000000000000000e+00 1.0000000000000000e+00
 0.0000000000000000e+00 0.0000000000000000e+00 1.0000000000000000e+00
 0.0000000000000000e+00 0.0000000000000000e+00 1.0000000000000000e+00
 0.0000000000000000e+00 0.0000000000000000e+00 1.0000000000000000e+00
 0.0000000000000000e+00 0.0000000000000000e+00 1.0000000000000000e+00
 0.0000000000000000e+00 0.0000000000000000e+00 1.0000000000000000e+00
 0.0000000000000000e+00 0.0000000000000000e+00 1.0000000000000000e+00
 0.0000000000000000e+00 0.0000000000000000e+00 1.0000000000000000e+00
 0.0000000000000000e+00 0.0000000000000000e+00 1.0000000000000000e+00
 0.0000000000000000e+00 0.0000000000000000e+00 1.0000000000000000e+00
 0.0000000000000000e+00 0.0000000000000000e+00 1.0000000000000000e+00
 0.0000000000000000e+00 0.0000000000000000e+00 1.0000000000000000e+00
 0.0000000000000000e+00 0.0000000000000000e+00 1.0000000000000000e+00
 0.0000000000000000e+00 0.0000000000000000e+00 1.0000000000000000e+00
 0.0000000000000000e+00 0.0000000000000000e+00 1.0000000000000000e+00
 0.0000000000000000e+00 0.0000000000000000e+00 1.0000000000000000e+00
 0.0000000000000000e+00 0.0000000000000000e+00 1.0000000000000000e+00
 0.0000000000000000e+00 0.0000000000000000e+00 1.0000000000000000e+00
 0.0000000000000000e+00 0.0000000000000000e+00 1.0000000000000000e+00
 0.0000000000000000e+00 0.0000000000000000e+00 1.0000000000000000e+00
 0.0000000000000000e+00 0.0000000000000000e+00 1.0000000000000000e+00
 0.0000000000000000e+00 0.0000000000000000e+00 1.0000000000000000e+00
 0.0000000000000000e+00 0.0000000000000000e+00 1.0000000000000000e+00
 0.0000000000000000e+00 0.0000000000000000e+00 1.0000000000000000e+00
 0.0000000000000000e+00 0.0000000000000000e+00 1.0000000000000000e+00
 0.0000000000000000e+00 0.0000000000000000e+00 1.0000000000000000e+00
 0.0000000000000000e+00 0.0000000000000000e+00 1.0000000000000000e+00
 0.0000000000000000e+00 0.0000000000000000e+00 1.0000000000000000e+00
 0.0000000000000000e+00 0.0000000000000000e+00 1.0000000000000000e+00
 0.0000000000000000e+00 0.0000000000000000e+00 1.0000000000000000e+00
 0.0000000000000000e+00 0.0000000000000000e+00 1.0000000000000000e+00
 0.0000000000000000e+00 0.0000000000000000e+00 1.0000000000000000e+00
 0.0000000000000000e+00 0.0000000000000000e+00 1.0000000000000000e+00
 0.0000000000000000e+00 0.0000000000000000e+00 1.0000000000000000e+00
 0.0000000000000000e+00 0.0000000000000000e+00 1.0000000000000000e+00
 0.0000000000000000e+00 0.0000000000000000e+00 1.0000000000000000e+00
 0.0000000000000000e+00 0.0000000000000000e+00 1.0000000000000000e+00
 0.0000000000000000e+00 0.0000000000000000e+00 1.0000000000000000e+00
 0.0000000000000000e+00 0.0000000000000000e+00 1.0000000000000000e+00
 0.0000000000000000e+00 0.0000000000000000e+00 1.0000000000000000e+00
 0.0000000000000000e+00 0.0000000000000000e+00 1.0000000000000000e+00
 0.0000000000000000e+00 0.0000000000000000e+00 1.0000000000000000e+00
 0.0000000000000000e+00 0.0000000000000000e+00 1.0000000000000000e+00
 0.0000000000000000e+00 0.0000000000000000e+00 1.0000000000000000e+00
 0.0000000000000000e+00 0.0000000000000000e+00 1.0000000000000000e+00
 0.0000000000000000e+00 0.0000000000000000e+00 1.0000000000000000e+00
 0.0000000000000000e+00 0.0000000000000000e+00 1.0000000000000000e+00
 0.0000000000000000e+00 0.0000000000000000e+00 1.0000000000000000e+00
 0.0000000000000000e+00 0.0000000000000000e+00 1.0000000000000000e+00
 0.0000000000000000e+00 0.0000000000000000e+00 1.0000000000000000e+00
 0.0000000000000000e+00 0.0000000000000000e+00 1.0000000000000000e+00
 0.0000000000000000e+00 0.0000000000000000e+00 1.0000000000000000e+00
 0.0000000000000000e+00 0.0000000000000000e+00 1.0000000000000000e+00
 0.0000000000000000e+00 0.0000000000000000e+00 1.0000000000000000e+00
 0.0000000000000000e+00 0.0000000000000000e+00 1.0000000000000000e+00
 0.0000000000000000e+00 0.0000000000000000e+00 1.0000000000000000e+00
 0.0000000000000000e+00 0.0000000000000000e+00 1.0000000000000000e+00
 0.0000000000000000e+00 0.0000000000000000e+00 1.0000000000000000e+00
 0.0000000000000000e+00 0.0000000000000000e+00 1.0000000000000000e+00
 0.0000000000000000e+00 0.0000000000000000e+00 1.0000000000000000e+00
 0.0000000000000000e+00 0.0000000000000000e+00 1.0000000000000000e+00
 0.0000000000000000e+00 0.0000000000000000e+00 1.0000000000000000e+00
 0.0000000000000000e+00 0.0000000000000000e+00 1.0000000000000000e+00
 0.0000000000000000e+00 0.0000000000000000e+00 1.0000000000000000e+00
 0.0000000000000000e+00 0.0000000000000000e+00 1.0000000000000000e+00
 0.0000000000000000e+00 0.0000000000000000e+00 1.0000000000000000e+00
 0.0000000000000000e+00 0.0000000000000000e+00 1.0000000000000000e+00
 0.0000000000000000e+00 0.0000000000000000e+00 1.0000000000000000e+00
 0.0000000000000000e+00 0.0000000000000000e+00 1.0000000000000000e+00
 0.0000000000000000e+00 0.0000000000000000e+00 1.0000000000000000e+00
 0.0000000000000000e+00 0.0000000000000000e+00 1.0000000000000000e+00
 0.0000000000000000e+00 0.0000000000000000e+00 1.0000000000000000e+00
 0.0000000000000000e+00 0.0000000000000000e+00 1.0000000000000000e+00
 0.0000000000000000e+00 0.0000000000000000e+00 1.0000000000000000e+00
 0.0000000000000000e+00 0.0000000000000000e+00 1.0000000000000000e+00
 0.0000000000000000e+00 0.0000000000000000e+00 1.0000000000000000e+00
 0.0000000000000000e+00 0.0000000000000000e+00 1.0000000000000000e+00
 0.0000000000000000e+00 0.0000000000000000e+00 1.0000000000000000e+00
 0.0000000000000000e+00 0.0000000000000000e+00 1.0000000000000000e+00
 0.0000000000000000e+00 0.0000000000000000e+00 1.0000000000000000e+00
 0.0000000000000000e+00 0.0000000000000000e+00 1.0000000000000000e+00
 0.0000000000000000e+00 0.0000000000000000e+00 1.0000000000000000e+00
 0.0000000000000000e+00 0.0000000000000000e+00 1.0000000000000000e+00
 0.0000000000000000e+00 0.0000000000000000e+00 1.0000000000000000e+00
 0.0000000000000000e+00 0.0000000000000000e+00 1.0000000000000000e+00
 0.0000000000000000e+00 0.0000000000000000e+00 1.0000000000000000e+00
 0.0000000000000000e+00 0.0000000000000000e+00 1.0000000000000000e+00
 0.0000000000000000e+00 0.0000000000000000e+00 1.0000000000000000e+00
 0.0000000000000000e+00 0.0000000000000000e+00 1.0000000000000000e+00
 0.0000000000000000e+00 0.0000000000000000e+00 1.0000000000000000e+00
 0.0000000000000000e+00 0.0000000000000000e+00 1.0000000000000000e+00
 0.0000000000000000e+00 0.0000000000000000e+00 1.0000000000000000e+00
 0.0000000000000000e+00 0.0000000000000000e+00 1.0000000000000000e+00
 0.0000000000000000e+00 0.0000000000000000e+00 1.0000000000000000e+00
 0.0000000000000000e+00 0.0000000000000000e+00 1.0000000000000000e+00
 0.0000000000000000e+00 0.0000000000000000e+00 1.0000000000000000e+00
 0.0000000000000000e+00 0.0000000000000000e+00 1.0000000000000000e+00
 0.0000000000000000e+00 0.0000000000000000e+00 1.0000000000000000e+00
 0.0000000000000000e+00 0.0000000000000000e+00 1.0000000000000000e+00
 0.0000000000000000e+00 0.0000000000000000e+00 1.0000000000000000e+00
 0.0000000000000000e+00 0.0000000000000000e+00 1.0000000000000000e+00
 0.0000000000000000e+00 0.0000000000000000e+00 1.0000000000000000e+00
 0.0000000000000000e+00 0.0000000000000000e+00 1.0000000000000000e+00
 0.0000000000000000e+00 0.0000000000000000e+00 1.0000000000000000e+00
 0.0000000000000000e+00 0.0000000000000000e+00 1.0000000000000000e+00
 0.0000000000000000e+00 0.0000000000000000e+00 1.0000000000000000e+00
 0.0000000000000000e+00 0.0000000000000000e+00 1.0000000000000000e+00
 0.0000000000000000e+00 0.0000000000000000e+00 1.0000000000000000e+00
 0.0000000000000000e+00 0.0000000000000000e+00 1.0000000000000000e+00
 0.0000000000000000e+00 0.0000000000000000e+00 1.0000000000000000e+00
 0.0000000000000000e+00 0.0000000000000000e+00 1.0000000000000000e+00
 0.0000000000000000e+00 0.0000000000000000e+00 1.0000000000000000e+00
 0.0000000000000000e+00 0.0000000000000000e+00 1.0000000000000000e+00
 0.0000000000000000e+00 0.0000000000000000e+00 1.0000000000000000e+00
 0.0000000000000000e+00 0.0000000000000000e+00 1.0000000000000000e+00
 0.0000000000000000e+00 0.0000000000000000e+00 1.0000000000000000e+00
 0.0000000000000000e+00 0.0000000000000000e+00 1.0000000000000000e+00
 0.0000000000000000e+00 0.0000000000000000e+00 1.0000000000000000e+00
 0.0000000000000000e+00 0.0000000000000000e+00 1.0000000000000000e+00
 0.0000000000000000e+00 0.0000000000000000e+00 1.0000000000000000e+00
 0.0000000000000000e+00 0.0000000000000000e+00 1.0000000000000000e+00
 0.0000000000000000e+00 0.0000000000000000e+00 1.0000000000000000e+00
 0.0000000000000000e+00 0.0000000000000000e+00 1.0000000000000000e+00
 0.0000000000000000e+00 0.0000000000000000e+00 1.0000000000000000e+00
 0.0000000000000000e+00 0.0000000000000000e+00 1.0000000000000000e+00
 0.0000000000000000e+00 0.0000000000000000e+00 1.0000000000000000e+00
 0.0000000000000000e+00 0.0000000000000000e+00 1.0000000000000000e+00
 0.0000000000000000e+00 0.0000000000000000e+00 1.0000000000000000e+00
 0.0000000000000000e+00 0.0000000000000000e+00 1.0000000000000000e+00
 0.0000000000000000e+00 0.0000000000000000e+00 1.0000000000000000e+00
 0.0000000000000000e+00 0.0000000000000000e+00 1.0000000000000000e+00
 0.0000000000000000e+00 0.0000000000000000e+00 1.0000000000000000e+00
 0.0000000000000000e+00 0.0000000000000000e+00 1.0000000000000000e+00
 0.0000000000000000e+00 0.0000000000000000e+00 1.0000000000000000e+00
 0.0000000000000000e+00 0.0000000000000000e+00 1.0000000000000000e+00
 0.0000000000000000e+00 0.0000000000000000e+00 1.0000000000000000e+00
 0.0000000000000000e+00 0.0000000000000000e+00 1.0000000000000000e+00
 0.0000000000000000e+00 0.0000000000000000e+00 1.0000000000000000e+00
 0.0000000000000000e+00 0.0000000000000000e+00 1.0000000000000000e+00
 0.0000000000000000e+00 0.0000000000000000e+00 1.0000000000000000e+00
 0.0000000000000000e+00 0.0000000000000000e+00 1.0000000000000000e+00
 0.0000000000000000e+00 0.0000000000000000e+00 1.0000000000000000e+00
 0.0000000000000000e+00 0.0000000000000000e+00 1.0000000000000000e+00
 0.0000000000000000e+00 0.0000000000000000e+00 1.0000000000000000e+00
 0.0000000000000000e+00 0.0000000000000000e+00 1.0000000000000000e+00
 0.0000000000000000e+00 0.0000000000000000e+00 1.0000000000000000e+00
 0.0000000000000000e+00 0.0000000000000000e+00 1.0000000000000000e+00
 0.0000000000000000e+00 0.0000000000000000e+00 1.0000000000000000e+00
 0.0000000000000000e+00 0.0000000000000000e+00 1.0000000000000000e+00
 0.0000000000000000e+00 0.0000000000000000e+00 1.0000000000000000e+00
 0.0000000000000000e+00 0.0000000000000000e+00 1.0000000000000000e+00
 0.0000000000000000e+00 0.0000000000000000e+00 1.0000000000000000e+00
 0.0000000000000000e+00 0.0000000000000000e+00 1.0000000000000000e+00
 0.0000000000000000e+00 0.0000000000000000e+00 1.0000000000000000e+00
 0.0000000000000000e+00 0.0000000000000000e+00 1.0000000000000000e+00
 0.0000000000000000e+00 0.0000000000000000e+00 1.0000000000000000e+00
 0.0000000000000000e+00 0.0000000000000000e+00 1.0000000000000000e+00
 0.0000000000000000e+00 0.0000000000000000e+00 1.0000000000000000e+00
 0.0000000000000000e+00 0.0000000000000000e+00 1.0000000000000000e+00
 0.0000000000000000e+00 0.0000000000000000e+00 1.0000000000000000e+00
 0.0000000000000000e+00 0.0000000000000000e+00 1.0000000000000000e+00
 0.0000000000000000e+00 0.0000000000000000e+00 1.0000000000000000e+00
 0.0000000000000000e+00 0.0000000000000000e+00 1.0000000000000000e+00
 0.0000000000000000e+00 0.0000000000000000e+00 1.0000000000000000e+00
 0.0000000000000000e+00 0.0000000000000000e+00 1.0000000000000000e+00
 0.0000000000000000e+00 0.0000000000000000e+00 1.0000000000000000e+00
 0.0000000000000000e+00 0.0000000000000000e+00 1.0000000000000000e+00
 0.0000000000000000e+00 0.0000000000000000e+00 1.0000000000000000e+00
 0.0000000000000000e+00 0.0000000000000000e+00 1.0000000000000000e+00
 0.0000000000000000e+00 0.0000000000000000e+00 1.0000000000000000e+00
 0.0000000000000000e+00 0.0000000000000000e+00 1.0000000000000000e+00
 0.0000000000000000e+00 0.0000000000000000e+00 1.0000000000000000e+00
 0.0000000000000000e+00 0.0000000000000000e+00 1.0000000000000000e+00
 0.0000000000000000e+00 0.0000000000000000e+00 1.0000000000000000e+00
 0.0000000000000000e+00 0.0000000000000000e+00 1.0000000000000000e+00
 0.0000000000000000e+00 0.0000000000000000e+00 1.0000000000000000e+00
 0.0000000000000000e+00 0.0000000000000000e+00 1.0000000000000000e+00
 0.0000000000000000e+00 0.0000000000000000e+00 1.0000000000000000e+00
 0.0000000000000000e+00 0.0000000000000000e+00 1.0000000000000000e+00
 0.0000000000000000e+00 0.0000000000000000e+00 1.0000000000000000e+00
 0.0000000000000000e+00 0.0000000000000000e+00 1.0000000000000000e+00
 0.0000000000000000e+00 0.0000000000000000e+00 1.0000000000000000e+00
 0.0000000000000000e+00 0.0000000000000000e+00 1.0000000000000000e+00
 0.0000000000000000e+00 0.0000000000000000e+00 1.0000000000000000e+00
 0.0000000000000000e+00 0.0000000000000000e+00 1.0000000000000000e+00
 0.0000000000000000e+00 0.0000000000000000e+00 1.0000000000000000e+00
 0.0000000000000000e+00 0.0000000000000000e+00 1.0000000000000000e+00
 0.0000000000000000e+00 0.0000000000000000e+00 1.0000000000000000e+00
 0.0000000000000000e+00 0.0000000000000000e+00 1.0000000000000000e+00
 0.0000000000000000e+00 0.0000000000000000e+00 1.0000000000000000e+00
 0.0000000000000000e+00 0.0000000000000000e+00 1.0000000000000000e+00
 0.0000000000000000e+00 0.0000000000000000e+00 1.0000000000000000e+00
 0.0000000000000000e+00 0.0000000000000000e+00 1.0000000000000000e+00
 0.0000000000000000e+00 0.0000000000000000e+00 1.0000000000000000e+00
 0.0000000000000000e+00 0.0000000000000000e+00 1.0000000000000000e+00
 0.0000000000000000e+00 0.0000000000000000e+00 1.0000000000000000e+00
 0.0000000000000000e+00 0.0000000000000000e+00 1.0000000000000000e+00
 0.0000000000000000e+00 0.0000000000000000e+00 1.0000000000000000e+00
 0.0000000000000000e+00 0.0000000000000000e+00 1.0000000000000000e+00
 0.0000000000000000e+00 0.0000000000000000e+00 1.0000000000000000e+00
 0.0000000000000000e+00 0.0000000000000000e+00 1.0000000000000000e+00
 0.0000000000000000e+00 0.0000000000000000e+00 1.0000000000000000e+00
 0.0000000000000000e+00 0.0000000000000000e+00 1.0000000000000000e+00
 0.0000000000000000e+00 0.0000000000000000e+00 1.0000000000000000e+00
 0.0000000000000000e+00 0.0000000000000000e+00 1.0000000000000000e+00
 0.0000000000000000e+00 0.0000000000000000e+00 1.0000000000000000e+00
 0.0000000000000000e+00 0.0000000000000000e+00 1.0000000000000000e+00
 0.0000000000000000e+00 0.0000000000000000e+00 1.0000000000000000e+00
 0.0000000000000000e+00 0.0000000000000000e+00 1.0000000000000000e+00
 0.0000000000000000e+00 0.0000000000000000e+00 1.0000000000000000e+00
 0.0000000000000000e+00 0.0000000000000000e+00 1.0000000000000000e+00
 0.0000000000000000e+00 0.0000000000000000e+00 1.0000000000000000e+00
 2.3835349756535495e-01 0.0000000000000000e+00 0.0000000000000000e+00
 -1.7283865696426975e-01 0.0000000000000000e+00 0.0000000000000000e+00
 -3.7812288930901544e-01 0.0000000000000000e+00 0.0000000000000000e+00
 -1.8287916289663875e-01 0.0000000000000000e+00 0.0000000000000000e+00
 1.3589115234098653e-01 0.0000000000000000e+00 0.0000000000000000e+00
 3.2294279785460461e-01 0.0000000000000000e+00 0.0000000000000000e+00
 3.3868190570664897e-01 0.0000000000000000e+00 0.0000000000000000e+00
 2.5996166598359732e-01 0.0000000000000000e+00 0.0000000000000000e+00
 1.5619560513230585e-01 0.0000000000000000e+00 0.0000000000000000e+00
 5.5749251467042557e-02 0.0000000000000000e+00 0.0000000000000000e+00
 -3.0471479810386996e-02 0.0000000000000000e+00 0.0000000000000000e+00
 -7.5197644924502802e-02 0.0000000000000000e+00 0.0000000000000000e+00
 3.6653608471662324e-04 0.0000000000000000e+00 0.0000000000000000e+00
 2.5146257217344703e-01 0.0000000000000000e+00 0.0000000000000000e+00
 3.9756108537312618e-01 0.0000000000000000e+00 0.0000000000000000e+00
 1.3575380051240704e-01 0.0000000000000000e+00 0.0000000000000000e+00
 -2.6480559091047945e-01 0.0000000000000000e+00 0.0000000000000000e+00
 -2.0834647048711477e-01 0.0000000000000000e+00 0.0000000000000000e+00
 8.4431860277427453e-02 0.0000000000000000e+00 0.0000000000000000e+00
 1.0566888911693470e-01 0.0000000000000000e+00 0.0000000000000000e+00
 -1.7283865696426975e-01 0.0000000000000000e+00 0.0000000000000000e+00
 -3.6428725955551505e-01 0.0000000000000000e+00 0.0000000000000000e+00
 -5.2227060227418409e-02 0.0000000000000000e+00 0.0000000000000000e+00
 3.1389272239311156e-01 0.0000000000000000e+00 0.0000000000000000e+00
 3.9940022674043718e-01 0.0000000000000000e+00 0.0000000000000000e+00
 2.5708335672256455e-01 0.0000000000000000e+00 0.0000000000000000e+00
 7.9205101295020314e-02 0.0000000000000000e+00 0.0000000000000000e+00
 -2.8264046669221776e-02 0.0000000000000000e+00 0.0000000000000000e+00
 -6.7704331768405956e-02 0.0000000000000000e+00 0.0000000000000000e+00
 -9.2183214890952214e-02 0.0000000000000000e+00 0.0000000000000000e+00
 -1.5290057808302121e-01 0.0000000000000000e+00 0.0000000000000000e+00
 -2.5562449746483601e-01 0.0000000000000000e+00 0.0000000000000000e+00
 -3.3943251990195500e-01 0.0000000000000000e+00 0.0000000000000000e+00
 -2.5023164797720820e-01 0.0000000000000000e+00 0.0000000000000000e+00
 1.2869486811028796e-01 0.0000000000000000e+00 0.0000000000000000e+00
 3.7451014890372980e-01 0.0000000000000000e+00 0.0000000000000000e+00
 1.5641440392449377e-01 0.0000000000000000e+00 0.0000000000000000e+00
 -1.7212854713887793e-01 0.0000000000000000e+00 0.0000000000000000e+00
 -1.0781896519605344e-01 0.0000000000000000e+00 0.0000000000000000e+00
 -3.0290358700095402e-02 0.0000000000000000e+00 0.0000000000000000e+00
 -3.7812288930901544e-01 0.0000000000000000e+00 0.0000000000000000e+00
 -5.2227060227418409e-02 0.0000000000000000e+00 0.0000000000000000e+00
 3.5914178939445324e-01 0.0000000000000000e+00 0.0000000000000000e+00
 3.6612229702661914e-01 0.0000000000000000e+00 0.0000000000000000e+00
 8.9146064389289376e-02 0.0000000000000000e+00 0.0000000000000000e+00
 -1.4856084551027549e-01 0.0000000000000000e+00 0.0000000000000000e+00
 -2.1580179137606753e-01 0.0000000000000000e+00 0.0000000000000000e+00
 -1.5513931961012617e-01 0.0000000000000000e+00 0.0000000000000000e+00
 -4.2706447432156194e-02 0.0000000000000000e+00 0.0000000000000000e+00
 6.3137848399719559e-02 0.0000000000000000e+00 0.0000000000000000e+00
 1.0017161041661940e-01 0.0000000000000000e+00 0.0000000000000000e+00
 6.6848618499185941e-03 0.0000000000000000e+00 0.0000000000000000e+00
 -2.0446819787952858e-01 0.0000000000000000e+00 0.0000000000000000e+00
 -4.0949116360819360e-01 0.0000000000000000e+00 0.0000000000000000e+00
 -3.4022305771024419e-01 0.0000000000000000e+00 0.0000000000000000e+00
 7.4246015564269519e-02 0.0000000000000000e+00 0.0000000000000000e+00
 2.5558872766730045e-01 0.0000000000000000e+00 0.0000000000000000e+00
 8.9795209812537080e-02 0.0000000000000000e+00 0.0000000000000000e+00
 -2.6810293252329819e-02 0.0000000000000000e+00 0.0000000000000000e+00
 -1.3783641896218715e-01 0.0000000000000000e+00 0.0000000000000000e+00
 -1.8287916289663875e-01 0.0000000000000000e+00 0.0000000000000000e+00
 3.1389272239311156e-01 0.0000000000000000e+00 0.0000000000000000e+00
 3.6612229702661914e-01 0.0000000000000000e+00 0.0000000000000000e+00
 1.8547669751393131e-02 0.0000000000000000e+00 0.0000000000000000e+00
 -2.5949969137778772e-01 0.0000000000000000e+00 0.0000000000000000e+00
 -2.8113070771175441e-01 0.0000000000000000e+00 0.0000000000000000e+00
 -1.5504708463497918e-01 0.0000000000000000e+00 0.0000000000000000e+00
 -1.1946313746230036e-02 0.0000000000000000e+00 0.0000000000000000e+00
 1.0890582093268494e-01 0.0000000000000000e+00 0.0000000000000000e+00
 2.2695345303355477e-01 0.0000000000000000e+00 0.0000000000000000e+00
 3.4273515500874385e-01 0.0000000000000000e+00 0.0000000000000000e+00
 3.7348778268062049e-01 0.0000000000000000e+00 0.0000000000000000e+00
 2.1565309114620435e-01 0.0000000000000000e+00 0.0000000000000000e+00
 -9.8050724147973722e-02 0.0000000000000000e+00 0.0000000000000000e+00
 -3.6831075617844389e-01 0.0000000000000000e+00 0.0000000000000000e+00
 -2.4012152483095642e-01 0.0000000000000000e+00 0.0000000000000000e+00
 4.5191298405947961e-02 0.0000000000000000e+00 0.0000000000000000e+00
 1.1211250312289839e-01 0.0000000000000000e+00 0.0000000000000000e+00
 1.1822891231152532e-01 0.0000000000000000e+00 0.0000000000000000e+00
 1.3230284828160702e-02 0.0000000000000000e+00 0.0000000000000000e+00
 1.3589115234098653e-01 0.0000000000000000e+00 0.0000000000000000e+00
 3.9940022674043718e-01 0.0000000000000000e+00 0.0000000000000000e+00
 8.9146064389289376e-02 0.0000000000000000e+00 0.0000000000000000e+00
 -2.5949969137778772e-01 0.0000000000000000e+00 0.0000000000000000e+00
 -2.8439578308520674e-01 0.0000000000000000e+00 0.0000000000000000e+00
 -1.1412998066882700e-01 0.0000000000000000e+00 0.0000000000000000e+00
 3.4742556497069449e-02 0.0000000000000000e+00 0.0000000000000000e+00
 9.3882568243642911e-02 0.0000000000000000e+00 0.0000000000000000e+00
 1.0651942724090341e-01 0.0000000000000000e+00 0.0000000000000000e+00
 1.4692886308306449e-01 0.0000000000000000e+00 0.0000000000000000e+00
 2.6792636016604260e-01 0.0000000000000000e+00 0.0000000000000000e+00
 4.2658559317696676e-01 0.0000000000000000e+00 0.0000000000000000e+00
 4.5341159044402424e-01 0.0000000000000000e+00 0.0000000000000000e+00
 2.4917359347205270e-01 0.0000000000000000e+00 0.0000000000000000e+00
 -8.9307199543271834e-02 0.0000000000000000e+00 0.0000000000000000e+00
 -2.4478419474875859e-01 0.0000000000000000e+00 0.0000000000000000e+00
 -1.0744253341423815e-01 0.0000000000000000e+00 0.0000000000000000e+00
 -5.7239425064715514e-02 0.0000000000000000e+00 0.0000000000000000e+00
 9.2754104272891436e-02 0.0000000000000000e+00 0.0000000000000000e+00
 2.3541360135840117e-01 0.0000000000000000e+00 0.0000000000000000e+00
 3.2294279785460461e-01 0.0000000000000000e+00 0.0000000000000000e+00
 2.5708335672256455e-01 0.0000000000000000e+00 0.0000000000000000e+00
 -1.4856084551027549e-01 0.0000000000000000e+00 0.0000000000000000e+00
 -2.8113070771175441e-01 0.0000000000000000e+00 0.0000000000000000e+00
 -1.1412998066882700e-01 0.0000000000000000e+00 0.0000000000000000e+00
 5.4982732283608365e-02 0.0000000000000000e+00 0.0000000000000000e+00
 8.4421626449283638e-02 0.0000000000000000e+00 0.0000000000000000e+00
 1.4686304834960640e-02 0.0000000000000000e+00 0.0000000000000000e+00
 -6.8730990270951448e-02 0.0000000000000000e+00 0.0000000000000000e+00
 -9.4149887343813757e-02 0.0000000000000000e+00 0.0000000000000000e+00
 -1.6316977608735322e-03 0.0000000000000000e+00 0.0000000000000000e+00
 2.1218604828778748e-01 0.0000000000000000e+00 0.0000000000000000e+00
 3.9388446391701171e-01 0.0000000000000000e+00 0.0000000000000000e+00
 3.6273645378966035e-01 0.0000000000000000e+00 0.0000000000000000e+00
 1.4048636041547863e-01 0.0000000000000000e+00 0.0000000000000000e+00
 -7.2216530593679260e-02 0.0000000000000000e+00 0.0000000000000000e+00
 -6.8481759568961909e-02 0.0000000000000000e+00 0.0000000000000000e+00
 -1.8339690127780131e-01 0.0000000000000000e+00 0.0000000000000000e+00
 -7.2362848788055781e-02 0.0000000000000000e+00 0.0000000000000000e+00
 3.3434969068589471e-01 0.0000000000000000e+00 0.0000000000000000e+00
 3.3868190570664897e-01 0.0000000000000000e+00 0.0000000000000000e+00
 7.9205101295020314e-02 0.0000000000000000e+00 0.0000000000000000e+00
 -2.1580179137606753e-01 0.0000000000000000e+00 0.0000000000000000e+00
 -1.5504708463497918e-01 0.0000000000000000e+00 0.0000000000000000e+00
 3.4742556497069449e-02 0.0000000000000000e+00 0.0000000000000000e+00
 8.4421626449283638e-02 0.0000000000000000e+00 0.0000000000000000e+00
 -1.4795262782269003e-02 0.0000000000000000e+00 0.0000000000000000e+00
 -1.5900138080786025e-01 0.0000000000000000e+00 0.0000000000000000e+00
 -2.7327406651525044e-01 0.0000000000000000e+00 0.0000000000000000e+00
 -3.1757322001416027e-01 0.0000000000000000e+00 0.0000000000000000e+00
 -2.4636142503800296e-01 0.0000000000000000e+00 0.0000000000000000e+00
 -3.2668915132894674e-02 0.0000000000000000e+00 0.0000000000000000e+00
 2.0710812100363546e-01 0.0000000000000000e+00 0.0000000000000000e+00
 2.8147782064461019e-01 0.0000000000000000e+00 0.0000000000000000e+00
 1.9269453666359301e-01 0.0000000000000000e+00 0.0000000000000000e+00
 7.3959295822975502e-02 0.0000000000000000e+00 0.0000000000000000e+00
 7.4161028763210790e-02 0.0000000000000000e+00 0.0000000000000000e+00
 -1.8774384817554968e-01 0.0000000000000000e+00 0.0000000000000000e+00
 -2.4316670769451093e-01 0.0000000000000000e+00 0.0000000000000000e+00
 3.0188609095858970e-01 0.0000000000000000e+00 0.0000000000000000e+00
 2.5996166598359732e-01 0.0000000000000000e+00 0.0000000000000000e+00
 -2.8264046669221776e-02 0.0000000000000000e+00 0.0000000000000000e+00
 -1.5513931961012617e-01 0.0000000000000000e+00 0.0000000000000000e+00
 -1.1946313746230036e-02 0.0000000000000000e+00 0.0000000000000000e+00
 9.3882568243642911e-02 0.0000000000000000e+00 0.0000000000000000e+00
 1.4686304834960640e-02 0.0000000000000000e+00 0.0000000000000000e+00
 -1.5900138080786025e-01 0.0000000000000000e+00 0.0000000000000000e+00
 -3.1503283609188137e-01 0.0000000000000000e+00 0.0000000000000000e+00
 -4.1231142972140999e-01 0.0000000000000000e+00 0.0000000000000000e+00
 -4.4101897802281753e-01 0.0000000000000000e+00 0.0000000000000000e+00
 -3.6980742428538016e-01 0.0000000000000000e+00 0.0000000000000000e+00
 -1.7170690443796230e-01 0.0000000000000000e+00 0.0000000000000000e+00
 5.1076136401844663e-02 0.0000000000000000e+00 0.0000000000000000e+00
 1.3727164205213788e-01 0.0000000000000000e+00 0.0000000000000000e+00
 1.2295923240849745e-01 0.0000000000000000e+00 0.0000000000000000e+00
 1.3309931137870279e-01 0.0000000000000000e+00 0.0000000000000000e+00
 2.1726174499977050e-01 0.0000000000000000e+00 0.0000000000000000e+00
 -1.2708089891861124e-01 0.0000000000000000e+00 0.0000000000000000e+00
 -3.5063551031487072e-01 0.0000000000000000e+00 0.0000000000000000e+00
 2.2316564381609705e-01 0.0000000000000000e+00 0.0000000000000000e+00
 1.5619560513230585e-01 0.0000000000000000e+00 0.0000000000000000e+00
 -6.7704331768405956e-02 0.0000000000000000e+00 0.0000000000000000e+00
 -4.2706447432156194e-02 0.0000000000000000e+00 0.0000000000000000e+00
 1.0890582093268494e-01 0.0000000000000000e+00 0.0000000000000000e+00
 1.0651942724090341e-01 0.0000000000000000e+00 0.0000000000000000e+00
 -6.8730990270951448e-02 0.0000000000000000e+00 0.0000000000000000e+00
 -2.7327406651525044e-01 0.0000000000000000e+00 0.0000000000000000e+00
 -4.1231142972140999e-01 0.0000000000000000e+00 0.0000000000000000e+00
 -4.7540286057056180e-01 0.0000000000000000e+00 0.0000000000000000e+00
 -4.7047366503448657e-01 0.0000000000000000e+00 0.0000000000000000e+00
 -3.7795621141544200e-01 0.0000000000000000e+00 0.0000000000000000e+00
 -1.9448756015543039e-01 0.0000000000000000e+00 0.0000000000000000e+00
 -3.3114432315507897e-02 0.0000000000000000e+00 0.0000000000000000e+00
 5.0408598629902851e-03 0.0000000000000000e+00 0.0000000000000000e+00
 1.6772824788809620e-02 0.0000000000000000e+00 0.0000000000000000e+00
 1.4843300333675338e-01 0.0000000000000000e+00 0.0000000000000000e+00
 3.2155487171636593e-01 0.0000000000000000e+00 0.0000000000000000e+00
 -7.7540997351398966e-02 0.0000000000000000e+00 0.0000000000000000e+00
 -3.9714971061492804e-01 0.0000000000000000e+00 0.0000000000000000e+00
 1.6760173917592119e-01 0.0000000000000000e+00 0.0000000000000000e+00
 5.5749251467042557e-02 0.0000000000000000e+00 0.0000000000000000e+00
 -9.2183214890952325e-02 0.0000000000000000e+00 0.0000000000000000e+00
 6.3137848399719559e-02 0.0000000000000000e+00 0.0000000000000000e+00
 2.2695345303355477e-01 0.0000000000000000e+00 0.0000000000000000e+00
 1.4692886308306449e-01 0.0000000000000000e+00 0.0000000000000000e+00
 -9.4149887343813757e-02 0.0000000000000000e+00 0.0000000000000000e+00
 -3.1757322001416027e-01 0.0000000000000000e+00 0.0000000000000000e+00
 -4.4101897802281753e-01 0.0000000000000000e+00 0.0000000000000000e+00
 -4.7047366503448657e-01 0.0000000000000000e+00 0.0000000000000000e+00
 -4.2376649466711269e-01 0.0000000000000000e+00 0.0000000000000000e+00
 -3.0277005859035916e-01 0.0000000000000000e+00 0.0000000000000000e+00
 -1.5040946273773811e-01 0.0000000000000000e+00 0.0000000000000000e+00
 -8.1490345300524319e-02 0.0000000000000000e+00 0.0000000000000000e+00
 -1.0314122419976424e-01 0.0000000000000000e+00 0.0000000000000000e+00
 -6.9326228888423089e-02 0.0000000000000000e+00 0.0000000000000000e+00
 1.8654103018345514e-01 0.0000000000000000e+00 0.0000000000000000e+00
 3.7901169640283050e-01 0.0000000000000000e+00 0.0000000000000000e+00
 -8.3245325643005158e-02 0.0000000000000000e+00 0.0000000000000000e+00
 -3.9882874034406313e-01 0.0000000000000000e+00 0.0000000000000000e+00
 1.5527026610199213e-01 0.0000000000000000e+00 0.0000000000000000e+00
 -3.0471479810386996e-02 0.0000000000000000e+00 0.0000000000000000e+00
 -1.5290057808302121e-01 0.0000000000000000e+00 0.0000000000000000e+00
 1.0017161041661940e-01 0.0000000000000000e+00 0.0000000000000000e+00
 3.4273515500874385e-01 0.0000000000000000e+00 0.0000000000000000e+00
 2.6792636016604260e-01 0.0000000000000000e+00 0.0000000000000000e+00
 -1.6316977608735322e-03 0.0000000000000000e+00 0.0000000000000000e+00
 -2.4636142503800296e-01 0.0000000000000000e+00 0.0000000000000000e+00
 -3.6980742428538016e-01 0.0000000000000000e+00 0.0000000000000000e+00
 -3.7795621141544200e-01 0.0000000000000000e+00 0.0000000000000000e+00
 -3.0277005859035916e-01 0.0000000000000000e+00 0.0000000000000000e+00
 -1.8698870719299032e-01 0.0000000000000000e+00 0.0000000000000000e+00
 -1.1337381941149127e-01 0.0000000000000000e+00 0.0000000000000000e+00
 -1.4220549664896712e-01 0.0000000000000000e+00 0.0000000000000000e+00
 -1.8936228802845018e-01 0.0000000000000000e+00 0.0000000000000000e+00
 -8.8809169220850900e-02 0.0000000000000000e+00 0.0000000000000000e+00
 2.8730591806729683e-01 0.0000000000000000e+00 0.0000000000000000e+00
 3.6938150124748337e-01 0.0000000000000000e+00 0.0000000000000000e+00
 -1.5383644662741003e-01 0.0000000000000000e+00 0.0000000000000000e+00
 -3.4856503258812827e-01 0.0000000000000000e+00 0.0000000000000000e+00
 1.6563626052357608e-01 0.0000000000000000e+00 0.0000000000000000e+00
 -7.5197644924502802e-02 0.0000000000000000e+00 0.0000000000000000e+00
 -2.5562449746483601e-01 0.0000000000000000e+00 0.0000000000000000e+00
 6.6848618499185941e-03 0.0000000000000000e+00 0.0000000000000000e+00
 3.7348778268062049e-01 0.0000000000000000e+00 0.0000000000000000e+00
 4.2658559317696676e-01 0.0000000000000000e+00 0.0000000000000000e+00
 2.1218604828778748e-01 0.0000000000000000e+00 0.0000000000000000e+00
 -3.2668915132894674e-02 0.0000000000000000e+00 0.0000000000000000e+00
 -1.7170690443796230e-01 0.0000000000000000e+00 0.0000000000000000e+00
 -1.9448756015543039e-01 0.0000000000000000e+00 0.0000000000000000e+00
 -1.5040946273773811e-01 0.0000000000000000e+00 0.0000000000000000e+00
 -1.1337381941149127e-01 0.0000000000000000e+00 0.0000000000000000e+00
 -1.4509110378737033e-01 0.0000000000000000e+00 0.0000000000000000e+00
 -2.2102975375130479e-01 0.0000000000000000e+00 0.0000000000000000e+00
 -2.2635304223226249e-01 0.0000000000000000e+00 0.0000000000000000e+00
 2.0527681135519893e-02 0.0000000000000000e+00 0.0000000000000000e+00
 4.1168722732531382e-01 0.0000000000000000e+00 0.0000000000000000e+00
 2.6295658192926741e-01 0.0000000000000000e+00 0.0000000000000000e+00
 -2.6266214557680889e-01 0.0000000000000000e+00 0.0000000000000000e+00
 -2.3020984094255262e-01 0.0000000000000000e+00 0.0000000000000000e+00
 1.6508724233076472e-01 0.0000000000000000e+00 0.0000000000000000e+00
 3.6653608471662324e-04 0.0000000000000000e+00 0.0000000000000000e+00
 -3.3943251990195500e-01 0.0000000000000000e+00 0.0000000000000000e+00
 -2.0446819787952858e-01 0.0000000000000000e+00 0.0000000000000000e+00
 2.1565309114620435e-01 0.0000000000000000e+00 0.0000000000000000e+00
 4.5341159044402424e-01 0.0000000000000000e+00 0.0000000000000000e+00
 3.9388446391701171e-01 0.0000000000000000e+00 0.0000000000000000e+00
 2.0710812100363546e-01 0.0000000000000000e+00 0.0000000000000000e+00
 5.1076136401844663e-02 0.0000000000000000e+00 0.0000000000000000e+00
 -3.3114432315507897e-02 0.0000000000000000e+00 0.0000000000000000e+00
 -8.1490345300524319e-02 0.0000000000000000e+00 0.0000000000000000e+00
 -1.4220549664896712e-01 0.0000000000000000e+00 0.0000000000000000e+00
 -2.2102975375130479e-01 0.0000000000000000e+00 0.0000000000000000e+00
 -2.6008735930540661e-01 0.0000000000000000e+00 0.0000000000000000e+00
 -1.2232482219900193e-01 0.0000000000000000e+00 0.0000000000000000e+00
 2.6549592717565035e-01 0.0000000000000000e+00 0.0000000000000000e+00
 4.2852141913826647e-01 0.0000000000000000e+00 0.0000000000000000e+00
 5.8173594351479389e-02 0.0000000000000000e+00 0.0000000000000000e+00
 -3.2437116631192220e-01 0.0000000000000000e+00 0.0000000000000000e+00
 -8.2966741198186783e-02 0.0000000000000000e+00 0.0000000000000000e+00
 1.4291337709403262e-01 0.0000000000000000e+00 0.0000000000000000e+00
 2.5146257217344703e-01 0.0000000000000000e+00 0.0000000000000000e+00
 -2.5023164797720820e-01 0.0000000000000000e+00 0.0000000000000000e+00
 -4.0949116360819360e-01 0.0000000000000000e+00 0.0000000000000000e+00
 -9.8050724147973722e-02 0.0000000000000000e+00 0.0000000000000000e+00
 2.4917359347205270e-01 0.0000000000000000e+00 0.0000000000000000e+00
 3.6273645378966035e-01 0.0000000000000000e+00 0.0000000000000000e+00
 2.8147782064461019e-01 0.0000000000000000e+00 0.0000000000000000e+00
 1.3727164205213788e-01 0.0000000000000000e+00 0.0000000000000000e+00
 5.0408598629902851e-03 0.0000000000000000e+00 0.0000000000000000e+00
 -1.0314122419976424e-01 0.0000000000000000e+00 0.0000000000000000e+00
 -1.8936228802845018e-01 0.0000000000000000e+00 0.0000000000000000e+00
 -2.2635304223226249e-01 0.0000000000000000e+00 0.0000000000000000e+00
 -1.2232482219900193e-01 0.0000000000000000e+00 0.0000000000000000e+00
 1.9425404834464588e-01 0.0000000000000000e+00 0.0000000000000000e+00
 4.3735058372185737e-01 0.0000000000000000e+00 0.0000000000000000e+00
 2.4903419046462980e-01 0.0000000000000000e+00 0.0000000000000000e+00
 -1.7997885651140683e-01 0.0000000000000000e+00 0.0000000000000000e+00
 -2.3971691166840153e-01 0.0000000000000000e+00 0.0000000000000000e+00
 7.0374504334034527e-03 0.0000000000000000e+00 0.0000000000000000e+00
 1.1877943876340991e-01 0.0000000000000000e+00 0.0000000000000000e+00
 3.9756108537312618e-01 0.0000000000000000e+00 0.0000000000000000e+00
 1.2869486811028796e-01 0.0000000000000000e+00 0.0000000000000000e+00
 -3.4022305771024414e-01 0.0000000000000000e+00 0.0000000000000000e+00
 -3.6831075617844389e-01 0.0000000000000000e+00 0.0000000000000000e+00
 -8.9307199543271834e-02 0.0000000000000000e+00 0.0000000000000000e+00
 1.4048636041547863e-01 0.0000000000000000e+00 0.0000000000000000e+00
 1.9269453666359301e-01 0.0000000000000000e+00 0.0000000000000000e+00
 1.2295923240849745e-01 0.0000000000000000e+00 0.0000000000000000e+00
 1.6772824788809620e-02 0.0000000000000000e+00 0.0000000000000000e+00
 -6.9326228888423089e-02 0.0000000000000000e+00 0.0000000000000000e+00
 -8.8809169220850900e-02 0.0000000000000000e+00 0.0000000000000000e+00
 2.0527681135519893e-02 0.0000000000000000e+00 0.0000000000000000e+00
 2.6549592717565035e-01 0.0000000000000000e+00 0.0000000000000000e+00
 4.3735058372185737e-01 0.0000000000000000e+00 0.0000000000000000e+00
 3.0106848726094876e-01 0.0000000000000000e+00 0.0000000000000000e+00
 -6.4801038053809656e-02 0.0000000000000000e+00 0.0000000000000000e+00
 -2.6192146775873637e-01 0.0000000000000000e+00 0.0000000000000000e+00
 -9.6602213759457239e-02 0.0000000000000000e+00 0.0000000000000000e+00
 4.5280426011926958e-02 0.0000000000000000e+00 0.0000000000000000e+00
 1.4424882144894427e-01 0.0000000000000000e+00 0.0000000000000000e+00
 1.3575380051240704e-01 0.0000000000000000e+00 0.0000000000000000e+00
 3.7451014890372980e-01 0.0000000000000000e+00 0.0000000000000000e+00
 7.4246015564269519e-02 0.0000000000000000e+00 0.0000000000000000e+00
 -2.4012152483095642e-01 0.0000000000000000e+00 0.0000000000000000e+00
 -2.4478419474875859e-01 0.0000000000000000e+00 0.0000000000000000e+00
 -7.2216530593679260e-02 0.0000000000000000e+00 0.0000000000000000e+00
 7.3959295822975502e-02 0.0000000000000000e+00 0.0000000000000000e+00
 1.3309931137870279e-01 0.0000000000000000e+00 0.0000000000000000e+00
 1.4843300333675338e-01 0.0000000000000000e+00 0.0000000000000000e+00
 1.8654103018345514e-01 0.0000000000000000e+00 0.0000000000000000e+00
 2.8730591806729683e-01 0.0000000000000000e+00 0.0000000000000000e+00
 4.1168722732531382e-01 0.0000000000000000e+00 0.0000000000000000e+00
 4.2852141913826647e-01 0.0000000000000000e+00 0.0000000000000000e+00
 2.4903419046462980e-01 0.0000000000000000e+00 0.0000000000000000e+00
 -6.4801038053809656e-02 0.0000000000000000e+00 0.0000000000000000e+00
 -2.5246172940731637e-01 0.0000000000000000e+00 0.0000000000000000e+00
 -1.3776249414824890e-01 0.0000000000000000e+00 0.0000000000000000e+00
 -2.3133696031446320e-02 0.0000000000000000e+00 0.0000000000000000e+00
 1.0182614802656420e-01 0.0000000000000000e+00 0.0000000000000000e+00
 1.8324887662381981e-01 0.0000000000000000e+00 0.0000000000000000e+00
 -2.6480559091047945e-01 0.0000000000000000e+00 0.0000000000000000e+00
 1.5641440392449377e-01 0.0000000000000000e+00 0.0000000000000000e+00
 2.5558872766730045e-01 0.0000000000000000e+00 0.0000000000000000e+00
 4.5191298405947961e-02 0.0000000000000000e+00 0.0000000000000000e+00
 -1.0744253341423815e-01 0.0000000000000000e+00 0.0000000000000000e+00
 -6.8481759568961909e-02 0.0000000000000000e+00 0.0000000000000000e+00
 7.4161028763210790e-02 0.0000000000000000e+00 0.0000000000000000e+00
 2.1726174499977050e-01 0.0000000000000000e+00 0.0000000000000000e+00
 3.2155487171636593e-01 0.0000000000000000e+00 0.0000000000000000e+00
 3.7901169640283050e-01 0.0000000000000000e+00 0.0000000000000000e+00
 3.6938150124748337e-01 0.0000000000000000e+00 0.0000000000000000e+00
 2.6295658192926741e-01 0.0000000000000000e+00 0.0000000000000000e+00
 5.8173594351479389e-02 0.0000000000000000e+00 0.0000000000000000e+00
 -1.7997885651140683e-01 0.0000000000000000e+00 0.0000000000000000e+00
 -2.6192146775873637e-01 0.0000000000000000e+00 0.0000000000000000e+00
 -1.3776249414824890e-01 0.0000000000000000e+00 0.0000000000000000e+00
 -4.5472577348895406e-02 0.0000000000000000e+00 0.0000000000000000e+00
 6.2918635356954203e-02 0.0000000000000000e+00 0.0000000000000000e+00
 2.1329693597395108e-01 0.0000000000000000e+00 0.0000000000000000e+00
 -2.8695565537021017e-02 0.0000000000000000e+00 0.0000000000000000e+00
 -2.0834647048711477e-01 0.0000000000000000e+00 0.0000000000000000e+00
 -1.7212854713887793e-01 0.0000000000000000e+00 0.0000000000000000e+00
 8.9795209812537080e-02 0.0000000000000000e+00 0.0000000000000000e+00
 1.1211250312289839e-01 0.0000000000000000e+00 0.0000000000000000e+00
 -5.7239425064715521e-02 0.0000000000000000e+00 0.0000000000000000e+00
 -1.8339690127780131e-01 0.0000000000000000e+00 0.0000000000000000e+00
 -1.8774384817554968e-01 0.0000000000000000e+00 0.0000000000000000e+00
 -1.2708089891861124e-01 0.0000000000000000e+00 0.0000000000000000e+00
 -7.7540997351398966e-02 0.0000000000000000e+00 0.0000000000000000e+00
 -8.3245325643005158e-02 0.0000000000000000e+00 0.0000000000000000e+00
 -1.5383644662741003e-01 0.0000000000000000e+00 0.0000000000000000e+00
 -2.6266214557680889e-01 0.0000000000000000e+00 0.0000000000000000e+00
 -3.2437116631192220e-01 0.0000000000000000e+00 0.0000000000000000e+00
 -2.3971691166840153e-01 0.0000000000000000e+00 0.0000000000000000e+00
 -9.6602213759457239e-02 0.0000000000000000e+00 0.0000000000000000e+00
 -2.3133696031446320e-02 0.0000000000000000e+00 0.0000000000000000e+00
 6.2918635356954203e-02 0.0000000000000000e+00 0.0000000000000000e+00
 2.1098521961362987e-01 0.0000000000000000e+00 0.0000000000000000e+00
 6.4387918840374050e-02 0.0000000000000000e+00 0.0000000000000000e+00
 -2.9968926976486648e-01 0.0000000000000000e+00 0.0000000000000000e+00
 8.4431860277427453e-02 0.0000000000000000e+00 0.0000000000000000e+00
 -1.0781896519605344e-01 0.0000000000000000e+00 0.0000000000000000e+00
 -2.6810293252329805e-02 0.0000000000000000e+00 0.0000000000000000e+00
 1.1822891231152532e-01 0.0000000000000000e+00 0.0000000000000000e+00
 9.2754104272891436e-02 0.0000000000000000e+00 0.0000000000000000e+00
 -7.2362848788055781e-02 0.0000000000000000e+00 0.0000000000000000e+00
 -2.4316670769451093e-01 0.0000000000000000e+00 0.0000000000000000e+00
 -3.5063551031487067e-01 0.0000000000000000e+00 0.0000000000000000e+00
 -3.9714971061492804e-01 0.0000000000000000e+00 0.0000000000000000e+00
 -3.9882874034406313e-01 0.0000000000000000e+00 0.0000000000000000e+00
 -3.4856503258812827e-01 0.0000000000000000e+00 0.0000000000000000e+00
 -2.3020984094255262e-01 0.0000000000000000e+00 0.0000000000000000e+00
 -8.2966741198186783e-02 0.0000000000000000e+00 0.0000000000000000e+00
 7.0374504334034527e-03 0.0000000000000000e+00 0.0000000000000000e+00
 4.5280426011926958e-02 0.0000000000000000e+00 0.0000000000000000e+00
 1.0182614802656420e-01 0.0000000000000000e+00 0.0000000000000000e+00
 2.1329693597395108e-01 0.0000000000000000e+00 0.0000000000000000e+00
 6.4387918840374050e-02 0.0000000000000000e+00 0.0000000000000000e+00
 -2.8790069773663490e-01 0.0000000000000000e+00 0.0000000000000000e+00
 -8.7079254197571412e-02 0.0000000000000000e+00 0.0000000000000000e+00
 1.0566888911693470e-01 0.0000000000000000e+00 0.0000000000000000e+00
 -3.0290358700095405e-02 0.0000000000000000e+00 0.0000000000000000e+00
 -1.3783641896218715e-01 0.0000000000000000e+00 0.0000000000000000e+00
 1.3230284828160702e-02 0.0000000000000000e+00 0.0000000000000000e+00
 2.3541360135840117e-01 0.0000000000000000e+00 0.0000000000000000e+00
 3.3434969068589471e-01 0.0000000000000000e+00 0.0000000000000000e+00
 3.0188609095858970e-01 0.0000000000000000e+00 0.0000000000000000e+00
 2.2316564381609705e-01 0.0000000000000000e+00 0.0000000000000000e+00
 1.6760173917592119e-01 0.0000000000000000e+00 0.0000000000000000e+00
 1.5527026610199213e-01 0.0000000000000000e+00 0.0000000000000000e+00
 1.6563626052357608e-01 0.0000000000000000e+00 0.0000000000000000e+00
 1.6508724233076472e-01 0.0000000000000000e+00 0.0000000000000000e+00
 1.4291337709403262e-01 0.0000000000000000e+00 0.0000000000000000e+00
 1.1877943876340991e-01 0.0000000000000000e+00 0.0000000000000000e+00
 1.4424882144894427e-01 0.0000000000000000e+00 0.0000000000000000e+00
 1.8324887662381981e-01 0.0000000000000000e+00 0.0000000000000000e+00
 -2.8695565537021017e-02 0.0000000000000000e+00 0.0000000000000000e+00
 -2.9968926976486648e-01 0.0000000000000000e+00 0.0000000000000000e+00
 -8.7079254197571412e-02 0.0000000000000000e+00 0.0000000000000000e+00
 3.2120924463791373e-01 0.0000000000000000e+00 0.0000000000000000e+00
